50
0 1 48.856
0 2 50.38
0 3 50.232
0 4 50.523
0 5 49.491
0 6 49.619
0 7 48.244
0 8 49.349
0 9 50.39
0 10 50.597
0 11 49.669
0 12 51.01
0 13 49.185
0 14 48.94
0 15 50.875
0 16 49.901
0 17 50.635
0 18 49.341
0 19 49.079
0 20 48.291
0 21 51.959
0 22 50.852
0 23 48.906
0 24 49.421
0 25 50.393
0 26 51.137
0 27 49.789
0 28 51.424
0 29 50.111
0 30 46.869
0 31 51.506
0 32 48.323
0 33 48.632
0 34 51.077
0 35 49.904
0 36 50.026
0 37 48.409
0 38 49.733
0 39 50.107
0 40 50.447
0 41 48.708
0 42 50.582
0 43 49.421
0 44 49.131
0 45 49.194
0 46 51.103
0 47 50.597
0 48 50.511
0 49 50.515
1 0 48.856
1 2 50.56
1 3 50.425
1 4 49.243
1 5 49.979
1 6 48.71
1 7 51.462
1 8 48.671
1 9 50.004
1 10 48.265
1 11 50.06
1 12 51.861
1 13 50.775
1 14 48.587
1 15 50.307
1 16 51.76
1 17 50.366
1 18 50.451
1 19 50.459
1 20 51.391
1 21 51.311
1 22 50.927
1 23 50.429
1 24 51.26
1 25 51.8
1 26 49.395
1 27 51.044
1 28 49.586
1 29 47.621
1 30 50.442
1 31 49.086
1 32 49.871
1 33 51.73
1 34 51.303
1 35 48.899
1 36 49.836
1 37 50.077
1 38 51.545
1 39 50.783
1 40 50.405
1 41 50.419
1 42 49.696
1 43 48.86
1 44 49.954
1 45 50.079
1 46 49.712
1 47 51.035
1 48 50.333
1 49 49.099
2 0 50.38
2 1 50.56
2 3 50.293
2 4 51.299
2 5 49.182
2 6 50.684
2 7 50.178
2 8 50.803
2 9 51.107
2 10 49.637
2 11 50.146
2 12 51.686
2 13 50.923
2 14 50.735
2 15 49.334
2 16 50.252
2 17 49.304
2 18 49.39
2 19 48.692
2 20 50.445
2 21 50.631
2 22 49.508
2 23 50.078
2 24 50.832
2 25 51.884
2 26 50.893
2 27 49.445
2 28 49.711
2 29 49.897
2 30 50.252
2 31 51.235
2 32 50.59
2 33 49.134
2 34 51.584
2 35 49.932
2 36 49.719
2 37 49.082
2 38 49.094
2 39 51.814
2 40 50.722
2 41 50.88
2 42 49.848
2 43 48.535
2 44 50.545
2 45 52.045
2 46 49.057
2 47 47.949
2 48 49.307
2 49 51.938
3 0 50.232
3 1 50.425
3 2 50.293
3 4 49.305
3 5 48.776
3 6 48.742
3 7 50.803
3 8 51.576
3 9 51.396
3 10 49.81
3 11 49.519
3 12 49.339
3 13 52.207
3 14 50.27
3 15 50.097
3 16 48.817
3 17 50.759
3 18 49.696
3 19 49.58
3 20 50.97
3 21 47.56
3 22 48.009
3 23 50.112
3 24 51.364
3 25 49.845
3 26 48.891
3 27 50.129
3 28 49.432
3 29 51.266
3 30 49.665
3 31 52.285
3 32 50.653
3 33 50.132
3 34 50.479
3 35 48.719
3 36 50.471
3 37 49.913
3 38 48.802
3 39 49.6
3 40 50.347
3 41 49.846
3 42 50.508
3 43 50.392
3 44 49.946
3 45 48.393
3 46 49.643
3 47 49.927
3 48 50.376
3 49 50.457
4 0 50.523
4 1 49.243
4 2 51.299
4 3 49.305
4 5 49.971
4 6 50.153
4 7 49.607
4 8 50.963
4 9 49.345
4 10 48.518
4 11 48.753
4 12 51.254
4 13 50.61
4 14 49.444
4 15 51.301
4 16 51.301
4 17 48.485
4 18 51.158
4 19 49.398
4 20 49.941
4 21 51.14
4 22 49.24
4 23 51.073
4 24 48.456
4 25 49.772
4 26 50.278
4 27 50.643
4 28 50.277
4 29 48.218
4 30 50.421
4 31 50.007
4 32 51.188
4 33 49.214
4 34 51.61
4 35 51.574
4 36 50.099
4 37 50.855
4 38 49.834
4 39 49.957
4 40 49.728
4 41 49.504
4 42 49.353
4 43 51.294
4 44 49.497
4 45 49.272
4 46 50.411
4 47 52.182
4 48 49.857
4 49 49.726
5 0 49.491
5 1 49.979
5 2 49.182
5 3 48.776
5 4 49.971
5 6 49.673
5 7 47.891
5 8 51.839
5 9 50.846
5 10 48.062
5 11 48.102
5 12 48.903
5 13 49.458
5 14 50.479
5 15 51.117
5 16 52.056
5 17 48.74
5 18 50.965
5 19 50.953
5 20 48.666
5 21 50.339
5 22 50.089
5 23 47.97
5 24 50.078
5 25 51.673
5 26 50.521
5 27 51.178
5 28 49.989
5 29 48.247
5 30 49.037
5 31 52.601
5 32 50.48
5 33 50.83
5 34 50.056
5 35 48.412
5 36 49.024
5 37 50.329
5 38 50.063
5 39 46.461
5 40 49.359
5 41 50.368
5 42 50.111
5 43 48.08
5 44 50.806
5 45 50.192
5 46 48.869
5 47 52.055
5 48 51.19
5 49 49.672
6 0 49.619
6 1 48.71
6 2 50.684
6 3 48.742
6 4 50.153
6 5 49.673
6 7 50.299
6 8 49.923
6 9 52.302
6 10 50.754
6 11 49.75
6 12 48.454
6 13 49.769
6 14 48.586
6 15 50.98
6 16 51.426
6 17 50.273
6 18 49.495
6 19 49.297
6 20 50.812
6 21 50.207
6 22 51.193
6 23 50.359
6 24 49.958
6 25 50.819
6 26 50.262
6 27 49.531
6 28 48.936
6 29 48.123
6 30 50.655
6 31 50.117
6 32 51.875
6 33 48.968
6 34 48.672
6 35 51.565
6 36 50.496
6 37 49.588
6 38 50.16
6 39 48.629
6 40 49.27
6 41 50.886
6 42 51.335
6 43 50.585
6 44 49.812
6 45 50.895
6 46 49.894
6 47 49.98
6 48 50.362
6 49 49.012
7 0 48.244
7 1 51.462
7 2 50.178
7 3 50.803
7 4 49.607
7 5 47.891
7 6 50.299
7 8 48.31
7 9 50.528
7 10 50.339
7 11 50.647
7 12 52.124
7 13 50.757
7 14 49.299
7 15 50.513
7 16 48.161
7 17 49.697
7 18 49.992
7 19 50.947
7 20 53.66
7 21 49.499
7 22 50.232
7 23 50.119
7 24 50.445
7 25 50.423
7 26 51.089
7 27 51.32
7 28 49.947
7 29 50.368
7 30 51.728
7 31 49.392
7 32 50.616
7 33 50.106
7 34 48.068
7 35 50.03
7 36 49.037
7 37 50.946
7 38 48.931
7 39 50.056
7 40 49.24
7 41 49.873
7 42 49.443
7 43 50.587
7 44 48.455
7 45 51.635
7 46 51.603
7 47 49.127
7 48 48.872
7 49 50.395
8 0 49.349
8 1 48.671
8 2 50.803
8 3 51.576
8 4 50.963
8 5 51.839
8 6 49.923
8 7 48.31
8 9 50.816
8 10 48.543
8 11 49.072
8 12 50.1
8 13 49.109
8 14 50.777
8 15 50.867
8 16 49.523
8 17 48.893
8 18 47.989
8 19 48.632
8 20 50.022
8 21 48.862
8 22 49.848
8 23 48.761
8 24 51.132
8 25 50.419
8 26 51.203
8 27 49.633
8 28 50.4
8 29 48.953
8 30 49.054
8 31 49.812
8 32 51.011
8 33 52.136
8 34 49.495
8 35 50.441
8 36 49.954
8 37 49.81
8 38 51.776
8 39 51.183
8 40 50.488
8 41 50.128
8 42 49.377
8 43 49.136
8 44 48.978
8 45 50.024
8 46 49.779
8 47 49.411
8 48 52.221
8 49 47.922
9 0 50.39
9 1 50.004
9 2 51.107
9 3 51.396
9 4 49.345
9 5 50.846
9 6 52.302
9 7 50.528
9 8 50.816
9 10 50.39
9 11 49.743
9 12 50.797
9 13 51.31
9 14 50.796
9 15 49.655
9 16 50.266
9 17 50.522
9 18 49.741
9 19 50.896
9 20 51.087
9 21 47.647
9 22 51.253
9 23 49.193
9 24 48.295
9 25 50.53
9 26 48.827
9 27 51.678
9 28 49.755
9 29 49.392
9 30 48.77
9 31 49.798
9 32 49.789
9 33 49.891
9 34 50.137
9 35 50.228
9 36 49.306
9 37 50.148
9 38 51.204
9 39 49.841
9 40 50.852
9 41 49.951
9 42 50.222
9 43 50.256
9 44 50.44
9 45 50.926
9 46 50.847
9 47 51.229
9 48 51.922
9 49 49.524
10 0 50.597
10 1 48.265
10 2 49.637
10 3 49.81
10 4 48.518
10 5 48.062
10 6 50.754
10 7 50.339
10 8 48.543
10 9 50.39
10 11 49.703
10 12 49.394
10 13 50.656
10 14 51.008
10 15 50.46
10 16 49.701
10 17 49.815
10 18 49.242
10 19 50.638
10 20 50.182
10 21 51.332
10 22 50.344
10 23 50.345
10 24 47.637
10 25 48.967
10 26 49.4
10 27 50.255
10 28 51.19
10 29 50.953
10 30 49.701
10 31 49.403
10 32 50.187
10 33 50.639
10 34 49.195
10 35 48.598
10 36 50.466
10 37 48.52
10 38 50.304
10 39 50.505
10 40 49.776
10 41 51.459
10 42 50.338
10 43 49.608
10 44 51.953
10 45 49.283
10 46 51.092
10 47 50.381
10 48 49.349
10 49 50.104
11 0 49.669
11 1 50.06
11 2 50.146
11 3 49.519
11 4 48.753
11 5 48.102
11 6 49.75
11 7 50.647
11 8 49.072
11 9 49.743
11 10 49.703
11 12 50.457
11 13 49.932
11 14 49.861
11 15 51.363
11 16 50.336
11 17 48.66
11 18 49.517
11 19 49.945
11 20 50.392
11 21 51.298
11 22 50.372
11 23 49.785
11 24 49.169
11 25 48.795
11 26 49.783
11 27 50.015
11 28 49.974
11 29 50.081
11 30 48.393
11 31 49.379
11 32 50.102
11 33 50.674
11 34 49.585
11 35 50.782
11 36 49.923
11 37 49.905
11 38 51.022
11 39 49.065
11 40 49.753
11 41 50.893
11 42 50.315
11 43 50.01
11 44 49.101
11 45 50.11
11 46 48.885
11 47 49.208
11 48 50.865
11 49 50.848
12 0 51.01
12 1 51.861
12 2 51.686
12 3 49.339
12 4 51.254
12 5 48.903
12 6 48.454
12 7 52.124
12 8 50.1
12 9 50.797
12 10 49.394
12 11 50.457
12 13 49.491
12 14 50.708
12 15 50.125
12 16 52.39
12 17 50.4
12 18 47.876
12 19 50.769
12 20 49.551
12 21 48.268
12 22 50.644
12 23 50.21
12 24 50.19
12 25 48.655
12 26 49.285
12 27 49.421
12 28 50.644
12 29 49.186
12 30 49.697
12 31 50.144
12 32 50.921
12 33 48.688
12 34 49.249
12 35 52.32
12 36 49.959
12 37 49.766
12 38 50.699
12 39 51.183
12 40 50.095
12 41 49.568
12 42 49.996
12 43 50.805
12 44 50.243
12 45 48.886
12 46 49.864
12 47 47.642
12 48 50.781
12 49 50.156
13 0 49.185
13 1 50.775
13 2 50.923
13 3 52.207
13 4 50.61
13 5 49.458
13 6 49.769
13 7 50.757
13 8 49.109
13 9 51.31
13 10 50.656
13 11 49.932
13 12 49.491
13 14 49.947
13 15 48.979
13 16 51.267
13 17 48.525
13 18 49.132
13 19 51.822
13 20 49.454
13 21 51.635
13 22 49.844
13 23 49.897
13 24 50.129
13 25 48.683
13 26 50.957
13 27 49.795
13 28 51.415
13 29 48.951
13 30 50.541
13 31 48.586
13 32 49.287
13 33 50.034
13 34 52.17
13 35 50.479
13 36 48.792
13 37 50.979
13 38 50.44
13 39 49.602
13 40 48.418
13 41 50.252
13 42 50.975
13 43 48.561
13 44 48.122
13 45 48.59
13 46 49.822
13 47 49.986
13 48 49.972
13 49 49.064
14 0 48.94
14 1 48.587
14 2 50.735
14 3 50.27
14 4 49.444
14 5 50.479
14 6 48.586
14 7 49.299
14 8 50.777
14 9 50.796
14 10 51.008
14 11 49.861
14 12 50.708
14 13 49.947
14 15 49.499
14 16 51.564
14 17 49.807
14 18 49.334
14 19 49.563
14 20 48.786
14 21 47.912
14 22 48.79
14 23 47.102
14 24 50.638
14 25 49.94
14 26 49.805
14 27 48.881
14 28 48.61
14 29 49.868
14 30 50.161
14 31 49.767
14 32 49.998
14 33 50.959
14 34 47.864
14 35 49.921
14 36 48.571
14 37 50.267
14 38 48.316
14 39 50.864
14 40 50.098
14 41 49.379
14 42 51.223
14 43 48.999
14 44 50.266
14 45 48.874
14 46 49.586
14 47 50.198
14 48 49.332
14 49 51.681
15 0 50.875
15 1 50.307
15 2 49.334
15 3 50.097
15 4 51.301
15 5 51.117
15 6 50.98
15 7 50.513
15 8 50.867
15 9 49.655
15 10 50.46
15 11 51.363
15 12 50.125
15 13 48.979
15 14 49.499
15 16 48.845
15 17 49.555
15 18 50.093
15 19 49.433
15 20 50.115
15 21 49.037
15 22 48.535
15 23 51.122
15 24 49.322
15 25 49.249
15 26 50.923
15 27 51.753
15 28 50.507
15 29 49.801
15 30 50.067
15 31 47.743
15 32 49.437
15 33 49.079
15 34 51.771
15 35 49.634
15 36 48.818
15 37 50.648
15 38 50.148
15 39 49.371
15 40 52.025
15 41 49.793
15 42 50.642
15 43 49.099
15 44 50.904
15 45 49.471
15 46 49.929
15 47 51.803
15 48 50.294
15 49 49.444
16 0 49.901
16 1 51.76
16 2 50.252
16 3 48.817
16 4 51.301
16 5 52.056
16 6 51.426
16 7 48.161
16 8 49.523
16 9 50.266
16 10 49.701
16 11 50.336
16 12 52.39
16 13 51.267
16 14 51.564
16 15 48.845
16 17 51.159
16 18 49.689
16 19 50.527
16 20 47.225
16 21 50.158
16 22 50.131
16 23 50.886
16 24 50.496
16 25 48.236
16 26 48.608
16 27 50.101
16 28 51.014
16 29 50.546
16 30 48.943
16 31 48.595
16 32 49.764
16 33 49.517
16 34 50.439
16 35 50.36
16 36 49.423
16 37 49.39
16 38 51.719
16 39 50.307
16 40 51.588
16 41 49.009
16 42 52.156
16 43 49.223
16 44 49.604
16 45 50.505
16 46 51.647
16 47 47.97
16 48 50.143
16 49 50.518
17 0 50.635
17 1 50.366
17 2 49.304
17 3 50.759
17 4 48.485
17 5 48.74
17 6 50.273
17 7 49.697
17 8 48.893
17 9 50.522
17 10 49.815
17 11 48.66
17 12 50.4
17 13 48.525
17 14 49.807
17 15 49.555
17 16 51.159
17 18 49.488
17 19 51.163
17 20 50.102
17 21 49.63
17 22 50.779
17 23 48.691
17 24 49.081
17 25 49.855
17 26 50.257
17 27 49.57
17 28 50.978
17 29 51.327
17 30 50.001
17 31 48.767
17 32 50.418
17 33 49.538
17 34 50.7
17 35 50.502
17 36 50.833
17 37 49.739
17 38 51.194
17 39 49.68
17 40 50.841
17 41 48.634
17 42 49.463
17 43 48.353
17 44 50.399
17 45 50.48
17 46 49.718
17 47 48.989
17 48 49.51
17 49 51.045
18 0 49.341
18 1 50.451
18 2 49.39
18 3 49.696
18 4 51.158
18 5 50.965
18 6 49.495
18 7 49.992
18 8 47.989
18 9 49.741
18 10 49.242
18 11 49.517
18 12 47.876
18 13 49.132
18 14 49.334
18 15 50.093
18 16 49.689
18 17 49.488
18 19 50.515
18 20 51.285
18 21 49.687
18 22 49.684
18 23 48.952
18 24 50.844
18 25 48.873
18 26 49.425
18 27 50.375
18 28 48.553
18 29 49.414
18 30 51.782
18 31 49.771
18 32 49.48
18 33 49.771
18 34 50.876
18 35 49.551
18 36 50.062
18 37 49.95
18 38 50.541
18 39 50.688
18 40 49.514
18 41 49.586
18 42 50.21
18 43 48.685
18 44 47.754
18 45 52.562
18 46 50.191
18 47 49.918
18 48 51.127
18 49 50.064
19 0 49.079
19 1 50.459
19 2 48.692
19 3 49.58
19 4 49.398
19 5 50.953
19 6 49.297
19 7 50.947
19 8 48.632
19 9 50.896
19 10 50.638
19 11 49.945
19 12 50.769
19 13 51.822
19 14 49.563
19 15 49.433
19 16 50.527
19 17 51.163
19 18 50.515
19 20 51.96
19 21 48.956
19 22 50.501
19 23 48.093
19 24 48.659
19 25 49.914
19 26 48.855
19 27 49.839
19 28 49.861
19 29 52.603
19 30 49.68
19 31 50.628
19 32 50.14
19 33 49.164
19 34 50.513
19 35 49.881
19 36 50.421
19 37 50.917
19 38 50.506
19 39 50.654
19 40 49.244
19 41 49.196
19 42 51.42
19 43 52.145
19 44 50.537
19 45 49.133
19 46 51.749
19 47 49.519
19 48 50.405
19 49 49.745
20 0 48.291
20 1 51.391
20 2 50.445
20 3 50.97
20 4 49.941
20 5 48.666
20 6 50.812
20 7 53.66
20 8 50.022
20 9 51.087
20 10 50.182
20 11 50.392
20 12 49.551
20 13 49.454
20 14 48.786
20 15 50.115
20 16 47.225
20 17 50.102
20 18 51.285
20 19 51.96
20 21 48.594
20 22 50.781
20 23 49.832
20 24 49.268
20 25 51.555
20 26 47.984
20 27 50.502
20 28 49.362
20 29 50.5
20 30 51.223
20 31 50.506
20 32 51.536
20 33 49.833
20 34 50.155
20 35 48.968
20 36 49.49
20 37 50.048
20 38 48.436
20 39 49.356
20 40 49.646
20 41 49.869
20 42 49.293
20 43 50.062
20 44 48.43
20 45 50.825
20 46 49.886
20 47 49.26
20 48 50.903
20 49 48.089
21 0 51.959
21 1 51.311
21 2 50.631
21 3 47.56
21 4 51.14
21 5 50.339
21 6 50.207
21 7 49.499
21 8 48.862
21 9 47.647
21 10 51.332
21 11 51.298
21 12 48.268
21 13 51.635
21 14 47.912
21 15 49.037
21 16 50.158
21 17 49.63
21 18 49.687
21 19 48.956
21 20 48.594
21 22 49.048
21 23 49.024
21 24 49.196
21 25 50.862
21 26 50.235
21 27 50.192
21 28 49.213
21 29 51.185
21 30 50.175
21 31 48.193
21 32 50.381
21 33 49.775
21 34 50.372
21 35 50.788
21 36 48.997
21 37 50.803
21 38 48.787
21 39 49.716
21 40 50.424
21 41 48.456
21 42 49.627
21 43 48.205
21 44 50.289
21 45 48.008
21 46 49.859
21 47 51.482
21 48 50.952
21 49 50.413
22 0 50.852
22 1 50.927
22 2 49.508
22 3 48.009
22 4 49.24
22 5 50.089
22 6 51.193
22 7 50.232
22 8 49.848
22 9 51.253
22 10 50.344
22 11 50.372
22 12 50.644
22 13 49.844
22 14 48.79
22 15 48.535
22 16 50.131
22 17 50.779
22 18 49.684
22 19 50.501
22 20 50.781
22 21 49.048
22 23 50.751
22 24 49.155
22 25 50.91
22 26 50.827
22 27 48.728
22 28 51.179
22 29 49.215
22 30 48.626
22 31 49.871
22 32 51.522
22 33 48.962
22 34 50.714
22 35 50.269
22 36 50.905
22 37 49.456
22 38 51.659
22 39 51.2
22 40 48.944
22 41 50.617
22 42 49.692
22 43 49.889
22 44 51.976
22 45 48.508
22 46 49.755
22 47 50.098
22 48 50.952
22 49 50.823
23 0 48.906
23 1 50.429
23 2 50.078
23 3 50.112
23 4 51.073
23 5 47.97
23 6 50.359
23 7 50.119
23 8 48.761
23 9 49.193
23 10 50.345
23 11 49.785
23 12 50.21
23 13 49.897
23 14 47.102
23 15 51.122
23 16 50.886
23 17 48.691
23 18 48.952
23 19 48.093
23 20 49.832
23 21 49.024
23 22 50.751
23 24 51.496
23 25 50.664
23 26 51.135
23 27 48.952
23 28 50.501
23 29 50.371
23 30 50.815
23 31 48.411
23 32 49.079
23 33 50.715
23 34 49.177
23 35 49.346
23 36 52.259
23 37 50.296
23 38 51.556
23 39 49.799
23 40 51.214
23 41 49.567
23 42 50.198
23 43 48.595
23 44 51.321
23 45 49.857
23 46 51.057
23 47 49.413
23 48 49.325
23 49 50.827
24 0 49.421
24 1 51.26
24 2 50.832
24 3 51.364
24 4 48.456
24 5 50.078
24 6 49.958
24 7 50.445
24 8 51.132
24 9 48.295
24 10 47.637
24 11 49.169
24 12 50.19
24 13 50.129
24 14 50.638
24 15 49.322
24 16 50.496
24 17 49.081
24 18 50.844
24 19 48.659
24 20 49.268
24 21 49.196
24 22 49.155
24 23 51.496
24 25 49.5
24 26 51.335
24 27 48.668
24 28 51.158
24 29 51.145
24 30 49.163
24 31 51.544
24 32 50.561
24 33 51.184
24 34 49.382
24 35 51.405
24 36 49.727
24 37 50.813
24 38 50.386
24 39 50.544
24 40 50.076
24 41 52.133
24 42 48.936
24 43 50.448
24 44 50.662
24 45 50.217
24 46 49.881
24 47 50.198
24 48 48.859
24 49 49.324
25 0 50.393
25 1 51.8
25 2 51.884
25 3 49.845
25 4 49.772
25 5 51.673
25 6 50.819
25 7 50.423
25 8 50.419
25 9 50.53
25 10 48.967
25 11 48.795
25 12 48.655
25 13 48.683
25 14 49.94
25 15 49.249
25 16 48.236
25 17 49.855
25 18 48.873
25 19 49.914
25 20 51.555
25 21 50.862
25 22 50.91
25 23 50.664
25 24 49.5
25 26 48.751
25 27 49.657
25 28 51.473
25 29 48.989
25 30 50.325
25 31 49.82
25 32 49.746
25 33 49.497
25 34 49.044
25 35 49.322
25 36 50.23
25 37 49.487
25 38 50.802
25 39 49.309
25 40 51.689
25 41 50.871
25 42 48.734
25 43 48.278
25 44 49.301
25 45 50.471
25 46 49.009
25 47 49.399
25 48 49.418
25 49 52.822
26 0 51.137
26 1 49.395
26 2 50.893
26 3 48.891
26 4 50.278
26 5 50.521
26 6 50.262
26 7 51.089
26 8 51.203
26 9 48.827
26 10 49.4
26 11 49.783
26 12 49.285
26 13 50.957
26 14 49.805
26 15 50.923
26 16 48.608
26 17 50.257
26 18 49.425
26 19 48.855
26 20 47.984
26 21 50.235
26 22 50.827
26 23 51.135
26 24 51.335
26 25 48.751
26 27 50.454
26 28 48.462
26 29 50.158
26 30 49.986
26 31 49.447
26 32 50.348
26 33 50.537
26 34 51.854
26 35 50.9
26 36 50.303
26 37 49.468
26 38 50.675
26 39 51.358
26 40 50.884
26 41 48.824
26 42 49.188
26 43 49.435
26 44 51.706
26 45 50.556
26 46 50.402
26 47 48.744
26 48 49.965
26 49 51.177
27 0 49.789
27 1 51.044
27 2 49.445
27 3 50.129
27 4 50.643
27 5 51.178
27 6 49.531
27 7 51.32
27 8 49.633
27 9 51.678
27 10 50.255
27 11 50.015
27 12 49.421
27 13 49.795
27 14 48.881
27 15 51.753
27 16 50.101
27 17 49.57
27 18 50.375
27 19 49.839
27 20 50.502
27 21 50.192
27 22 48.728
27 23 48.952
27 24 48.668
27 25 49.657
27 26 50.454
27 28 49.966
27 29 49.61
27 30 49.218
27 31 49.774
27 32 49.185
27 33 51.263
27 34 48.755
27 35 50.28
27 36 48.612
27 37 51.41
27 38 51.374
27 39 51.929
27 40 51.024
27 41 49.351
27 42 49.1
27 43 51.092
27 44 50.495
27 45 48.626
27 46 49.417
27 47 49.371
27 48 50.475
27 49 48.793
28 0 51.424
28 1 49.586
28 2 49.711
28 3 49.432
28 4 50.277
28 5 49.989
28 6 48.936
28 7 49.947
28 8 50.4
28 9 49.755
28 10 51.19
28 11 49.974
28 12 50.644
28 13 51.415
28 14 48.61
28 15 50.507
28 16 51.014
28 17 50.978
28 18 48.553
28 19 49.861
28 20 49.362
28 21 49.213
28 22 51.179
28 23 50.501
28 24 51.158
28 25 51.473
28 26 48.462
28 27 49.966
28 29 51.006
28 30 49.646
28 31 51.337
28 32 50.528
28 33 48.911
28 34 48.46
28 35 47.673
28 36 50.546
28 37 51.035
28 38 49.609
28 39 49.569
28 40 48.642
28 41 49.093
28 42 49.557
28 43 48.321
28 44 51.23
28 45 49.607
28 46 49.387
28 47 48.369
28 48 51.968
28 49 49.522
29 0 50.111
29 1 47.621
29 2 49.897
29 3 51.266
29 4 48.218
29 5 48.247
29 6 48.123
29 7 50.368
29 8 48.953
29 9 49.392
29 10 50.953
29 11 50.081
29 12 49.186
29 13 48.951
29 14 49.868
29 15 49.801
29 16 50.546
29 17 51.327
29 18 49.414
29 19 52.603
29 20 50.5
29 21 51.185
29 22 49.215
29 23 50.371
29 24 51.145
29 25 48.989
29 26 50.158
29 27 49.61
29 28 51.006
29 30 48.844
29 31 47.302
29 32 49.583
29 33 50.068
29 34 49.795
29 35 48.79
29 36 48.007
29 37 49.878
29 38 50.142
29 39 49.313
29 40 49.799
29 41 48.944
29 42 50.325
29 43 48.709
29 44 48.454
29 45 49.358
29 46 49.857
29 47 49.778
29 48 49.946
29 49 51.17
30 0 46.869
30 1 50.442
30 2 50.252
30 3 49.665
30 4 50.421
30 5 49.037
30 6 50.655
30 7 51.728
30 8 49.054
30 9 48.77
30 10 49.701
30 11 48.393
30 12 49.697
30 13 50.541
30 14 50.161
30 15 50.067
30 16 48.943
30 17 50.001
30 18 51.782
30 19 49.68
30 20 51.223
30 21 50.175
30 22 48.626
30 23 50.815
30 24 49.163
30 25 50.325
30 26 49.986
30 27 49.218
30 28 49.646
30 29 48.844
30 31 49.916
30 32 49.774
30 33 49.915
30 34 50.196
30 35 50.912
30 36 49.005
30 37 49.604
30 38 50.528
30 39 51.984
30 40 47.453
30 41 51.703
30 42 49.623
30 43 49.303
30 44 48.957
30 45 51.037
30 46 50.418
30 47 49.907
30 48 50.935
30 49 49.81
31 0 51.506
31 1 49.086
31 2 51.235
31 3 52.285
31 4 50.007
31 5 52.601
31 6 50.117
31 7 49.392
31 8 49.812
31 9 49.798
31 10 49.403
31 11 49.379
31 12 50.144
31 13 48.586
31 14 49.767
31 15 47.743
31 16 48.595
31 17 48.767
31 18 49.771
31 19 50.628
31 20 50.506
31 21 48.193
31 22 49.871
31 23 48.411
31 24 51.544
31 25 49.82
31 26 49.447
31 27 49.774
31 28 51.337
31 29 47.302
31 30 49.916
31 32 50.909
31 33 48.262
31 34 49.382
31 35 49.551
31 36 48.612
31 37 49.734
31 38 49.936
31 39 50.917
31 40 50.72
31 41 49.381
31 42 49.814
31 43 49.257
31 44 50.503
31 45 48.116
31 46 50.949
31 47 52.664
31 48 49.172
31 49 48.908
32 0 48.323
32 1 49.871
32 2 50.59
32 3 50.653
32 4 51.188
32 5 50.48
32 6 51.875
32 7 50.616
32 8 51.011
32 9 49.789
32 10 50.187
32 11 50.102
32 12 50.921
32 13 49.287
32 14 49.998
32 15 49.437
32 16 49.764
32 17 50.418
32 18 49.48
32 19 50.14
32 20 51.536
32 21 50.381
32 22 51.522
32 23 49.079
32 24 50.561
32 25 49.746
32 26 50.348
32 27 49.185
32 28 50.528
32 29 49.583
32 30 49.774
32 31 50.909
32 33 52.081
32 34 49.936
32 35 49.513
32 36 50.518
32 37 49.194
32 38 52.216
32 39 49.931
32 40 50.015
32 41 49.034
32 42 50.39
32 43 50.56
32 44 49.11
32 45 48.031
32 46 49.982
32 47 49.853
32 48 50.611
32 49 50.694
33 0 48.632
33 1 51.73
33 2 49.134
33 3 50.132
33 4 49.214
33 5 50.83
33 6 48.968
33 7 50.106
33 8 52.136
33 9 49.891
33 10 50.639
33 11 50.674
33 12 48.688
33 13 50.034
33 14 50.959
33 15 49.079
33 16 49.517
33 17 49.538
33 18 49.771
33 19 49.164
33 20 49.833
33 21 49.775
33 22 48.962
33 23 50.715
33 24 51.184
33 25 49.497
33 26 50.537
33 27 51.263
33 28 48.911
33 29 50.068
33 30 49.915
33 31 48.262
33 32 52.081
33 34 49.988
33 35 49.801
33 36 50.178
33 37 52.225
33 38 49.716
33 39 50.423
33 40 48.654
33 41 49.175
33 42 48.568
33 43 48.918
33 44 52.499
33 45 50.239
33 46 50.572
33 47 49.843
33 48 48.523
33 49 49.499
34 0 51.077
34 1 51.303
34 2 51.584
34 3 50.479
34 4 51.61
34 5 50.056
34 6 48.672
34 7 48.068
34 8 49.495
34 9 50.137
34 10 49.195
34 11 49.585
34 12 49.249
34 13 52.17
34 14 47.864
34 15 51.771
34 16 50.439
34 17 50.7
34 18 50.876
34 19 50.513
34 20 50.155
34 21 50.372
34 22 50.714
34 23 49.177
34 24 49.382
34 25 49.044
34 26 51.854
34 27 48.755
34 28 48.46
34 29 49.795
34 30 50.196
34 31 49.382
34 32 49.936
34 33 49.988
34 35 50.552
34 36 49.882
34 37 49.218
34 38 51.074
34 39 50.326
34 40 50.0
34 41 49.466
34 42 47.921
34 43 49.245
34 44 50.322
34 45 50.273
34 46 48.733
34 47 51.254
34 48 48.554
34 49 50.983
35 0 49.904
35 1 48.899
35 2 49.932
35 3 48.719
35 4 51.574
35 5 48.412
35 6 51.565
35 7 50.03
35 8 50.441
35 9 50.228
35 10 48.598
35 11 50.782
35 12 52.32
35 13 50.479
35 14 49.921
35 15 49.634
35 16 50.36
35 17 50.502
35 18 49.551
35 19 49.881
35 20 48.968
35 21 50.788
35 22 50.269
35 23 49.346
35 24 51.405
35 25 49.322
35 26 50.9
35 27 50.28
35 28 47.673
35 29 48.79
35 30 50.912
35 31 49.551
35 32 49.513
35 33 49.801
35 34 50.552
35 36 50.894
35 37 51.976
35 38 50.047
35 39 50.571
35 40 51.174
35 41 49.511
35 42 49.447
35 43 48.168
35 44 48.265
35 45 51.655
35 46 51.508
35 47 49.214
35 48 48.985
35 49 50.352
36 0 50.026
36 1 49.836
36 2 49.719
36 3 50.471
36 4 50.099
36 5 49.024
36 6 50.496
36 7 49.037
36 8 49.954
36 9 49.306
36 10 50.466
36 11 49.923
36 12 49.959
36 13 48.792
36 14 48.571
36 15 48.818
36 16 49.423
36 17 50.833
36 18 50.062
36 19 50.421
36 20 49.49
36 21 48.997
36 22 50.905
36 23 52.259
36 24 49.727
36 25 50.23
36 26 50.303
36 27 48.612
36 28 50.546
36 29 48.007
36 30 49.005
36 31 48.612
36 32 50.518
36 33 50.178
36 34 49.882
36 35 50.894
36 37 49.478
36 38 50.896
36 39 49.529
36 40 49.253
36 41 49.031
36 42 50.753
36 43 50.406
36 44 50.497
36 45 49.547
36 46 49.418
36 47 49.227
36 48 49.444
36 49 49.892
37 0 48.409
37 1 50.077
37 2 49.082
37 3 49.913
37 4 50.855
37 5 50.329
37 6 49.588
37 7 50.946
37 8 49.81
37 9 50.148
37 10 48.52
37 11 49.905
37 12 49.766
37 13 50.979
37 14 50.267
37 15 50.648
37 16 49.39
37 17 49.739
37 18 49.95
37 19 50.917
37 20 50.048
37 21 50.803
37 22 49.456
37 23 50.296
37 24 50.813
37 25 49.487
37 26 49.468
37 27 51.41
37 28 51.035
37 29 49.878
37 30 49.604
37 31 49.734
37 32 49.194
37 33 52.225
37 34 49.218
37 35 51.976
37 36 49.478
37 38 48.818
37 39 50.313
37 40 51.153
37 41 51.49
37 42 50.076
37 43 51.352
37 44 50.005
37 45 49.476
37 46 49.816
37 47 52.821
37 48 49.298
37 49 50.894
38 0 49.733
38 1 51.545
38 2 49.094
38 3 48.802
38 4 49.834
38 5 50.063
38 6 50.16
38 7 48.931
38 8 51.776
38 9 51.204
38 10 50.304
38 11 51.022
38 12 50.699
38 13 50.44
38 14 48.316
38 15 50.148
38 16 51.719
38 17 51.194
38 18 50.541
38 19 50.506
38 20 48.436
38 21 48.787
38 22 51.659
38 23 51.556
38 24 50.386
38 25 50.802
38 26 50.675
38 27 51.374
38 28 49.609
38 29 50.142
38 30 50.528
38 31 49.936
38 32 52.216
38 33 49.716
38 34 51.074
38 35 50.047
38 36 50.896
38 37 48.818
38 39 48.837
38 40 48.757
38 41 51.224
38 42 49.041
38 43 50.808
38 44 49.297
38 45 49.096
38 46 49.316
38 47 49.614
38 48 50.567
38 49 49.165
39 0 50.107
39 1 50.783
39 2 51.814
39 3 49.6
39 4 49.957
39 5 46.461
39 6 48.629
39 7 50.056
39 8 51.183
39 9 49.841
39 10 50.505
39 11 49.065
39 12 51.183
39 13 49.602
39 14 50.864
39 15 49.371
39 16 50.307
39 17 49.68
39 18 50.688
39 19 50.654
39 20 49.356
39 21 49.716
39 22 51.2
39 23 49.799
39 24 50.544
39 25 49.309
39 26 51.358
39 27 51.929
39 28 49.569
39 29 49.313
39 30 51.984
39 31 50.917
39 32 49.931
39 33 50.423
39 34 50.326
39 35 50.571
39 36 49.529
39 37 50.313
39 38 48.837
39 40 50.441
39 41 50.483
39 42 50.827
39 43 48.758
39 44 51.509
39 45 49.861
39 46 49.227
39 47 49.798
39 48 48.92
39 49 51.271
40 0 50.447
40 1 50.405
40 2 50.722
40 3 50.347
40 4 49.728
40 5 49.359
40 6 49.27
40 7 49.24
40 8 50.488
40 9 50.852
40 10 49.776
40 11 49.753
40 12 50.095
40 13 48.418
40 14 50.098
40 15 52.025
40 16 51.588
40 17 50.841
40 18 49.514
40 19 49.244
40 20 49.646
40 21 50.424
40 22 48.944
40 23 51.214
40 24 50.076
40 25 51.689
40 26 50.884
40 27 51.024
40 28 48.642
40 29 49.799
40 30 47.453
40 31 50.72
40 32 50.015
40 33 48.654
40 34 50.0
40 35 51.174
40 36 49.253
40 37 51.153
40 38 48.757
40 39 50.441
40 41 49.618
40 42 50.411
40 43 51.726
40 44 51.385
40 45 50.837
40 46 48.92
40 47 49.998
40 48 50.825
40 49 49.902
41 0 48.708
41 1 50.419
41 2 50.88
41 3 49.846
41 4 49.504
41 5 50.368
41 6 50.886
41 7 49.873
41 8 50.128
41 9 49.951
41 10 51.459
41 11 50.893
41 12 49.568
41 13 50.252
41 14 49.379
41 15 49.793
41 16 49.009
41 17 48.634
41 18 49.586
41 19 49.196
41 20 49.869
41 21 48.456
41 22 50.617
41 23 49.567
41 24 52.133
41 25 50.871
41 26 48.824
41 27 49.351
41 28 49.093
41 29 48.944
41 30 51.703
41 31 49.381
41 32 49.034
41 33 49.175
41 34 49.466
41 35 49.511
41 36 49.031
41 37 51.49
41 38 51.224
41 39 50.483
41 40 49.618
41 42 50.089
41 43 50.249
41 44 50.139
41 45 50.369
41 46 51.481
41 47 51.531
41 48 50.624
41 49 50.358
42 0 50.582
42 1 49.696
42 2 49.848
42 3 50.508
42 4 49.353
42 5 50.111
42 6 51.335
42 7 49.443
42 8 49.377
42 9 50.222
42 10 50.338
42 11 50.315
42 12 49.996
42 13 50.975
42 14 51.223
42 15 50.642
42 16 52.156
42 17 49.463
42 18 50.21
42 19 51.42
42 20 49.293
42 21 49.627
42 22 49.692
42 23 50.198
42 24 48.936
42 25 48.734
42 26 49.188
42 27 49.1
42 28 49.557
42 29 50.325
42 30 49.623
42 31 49.814
42 32 50.39
42 33 48.568
42 34 47.921
42 35 49.447
42 36 50.753
42 37 50.076
42 38 49.041
42 39 50.827
42 40 50.411
42 41 50.089
42 43 50.688
42 44 48.599
42 45 49.23
42 46 51.034
42 47 50.988
42 48 51.218
42 49 51.618
43 0 49.421
43 1 48.86
43 2 48.535
43 3 50.392
43 4 51.294
43 5 48.08
43 6 50.585
43 7 50.587
43 8 49.136
43 9 50.256
43 10 49.608
43 11 50.01
43 12 50.805
43 13 48.561
43 14 48.999
43 15 49.099
43 16 49.223
43 17 48.353
43 18 48.685
43 19 52.145
43 20 50.062
43 21 48.205
43 22 49.889
43 23 48.595
43 24 50.448
43 25 48.278
43 26 49.435
43 27 51.092
43 28 48.321
43 29 48.709
43 30 49.303
43 31 49.257
43 32 50.56
43 33 48.918
43 34 49.245
43 35 48.168
43 36 50.406
43 37 51.352
43 38 50.808
43 39 48.758
43 40 51.726
43 41 50.249
43 42 50.688
43 44 51.995
43 45 50.718
43 46 50.517
43 47 50.657
43 48 48.99
43 49 48.813
44 0 49.131
44 1 49.954
44 2 50.545
44 3 49.946
44 4 49.497
44 5 50.806
44 6 49.812
44 7 48.455
44 8 48.978
44 9 50.44
44 10 51.953
44 11 49.101
44 12 50.243
44 13 48.122
44 14 50.266
44 15 50.904
44 16 49.604
44 17 50.399
44 18 47.754
44 19 50.537
44 20 48.43
44 21 50.289
44 22 51.976
44 23 51.321
44 24 50.662
44 25 49.301
44 26 51.706
44 27 50.495
44 28 51.23
44 29 48.454
44 30 48.957
44 31 50.503
44 32 49.11
44 33 52.499
44 34 50.322
44 35 48.265
44 36 50.497
44 37 50.005
44 38 49.297
44 39 51.509
44 40 51.385
44 41 50.139
44 42 48.599
44 43 51.995
44 45 50.1
44 46 50.703
44 47 47.992
44 48 50.223
44 49 49.165
45 0 49.194
45 1 50.079
45 2 52.045
45 3 48.393
45 4 49.272
45 5 50.192
45 6 50.895
45 7 51.635
45 8 50.024
45 9 50.926
45 10 49.283
45 11 50.11
45 12 48.886
45 13 48.59
45 14 48.874
45 15 49.471
45 16 50.505
45 17 50.48
45 18 52.562
45 19 49.133
45 20 50.825
45 21 48.008
45 22 48.508
45 23 49.857
45 24 50.217
45 25 50.471
45 26 50.556
45 27 48.626
45 28 49.607
45 29 49.358
45 30 51.037
45 31 48.116
45 32 48.031
45 33 50.239
45 34 50.273
45 35 51.655
45 36 49.547
45 37 49.476
45 38 49.096
45 39 49.861
45 40 50.837
45 41 50.369
45 42 49.23
45 43 50.718
45 44 50.1
45 46 51.286
45 47 48.147
45 48 48.512
45 49 48.351
46 0 51.103
46 1 49.712
46 2 49.057
46 3 49.643
46 4 50.411
46 5 48.869
46 6 49.894
46 7 51.603
46 8 49.779
46 9 50.847
46 10 51.092
46 11 48.885
46 12 49.864
46 13 49.822
46 14 49.586
46 15 49.929
46 16 51.647
46 17 49.718
46 18 50.191
46 19 51.749
46 20 49.886
46 21 49.859
46 22 49.755
46 23 51.057
46 24 49.881
46 25 49.009
46 26 50.402
46 27 49.417
46 28 49.387
46 29 49.857
46 30 50.418
46 31 50.949
46 32 49.982
46 33 50.572
46 34 48.733
46 35 51.508
46 36 49.418
46 37 49.816
46 38 49.316
46 39 49.227
46 40 48.92
46 41 51.481
46 42 51.034
46 43 50.517
46 44 50.703
46 45 51.286
46 47 48.237
46 48 49.551
46 49 50.209
47 0 50.597
47 1 51.035
47 2 47.949
47 3 49.927
47 4 52.182
47 5 52.055
47 6 49.98
47 7 49.127
47 8 49.411
47 9 51.229
47 10 50.381
47 11 49.208
47 12 47.642
47 13 49.986
47 14 50.198
47 15 51.803
47 16 47.97
47 17 48.989
47 18 49.918
47 19 49.519
47 20 49.26
47 21 51.482
47 22 50.098
47 23 49.413
47 24 50.198
47 25 49.399
47 26 48.744
47 27 49.371
47 28 48.369
47 29 49.778
47 30 49.907
47 31 52.664
47 32 49.853
47 33 49.843
47 34 51.254
47 35 49.214
47 36 49.227
47 37 52.821
47 38 49.614
47 39 49.798
47 40 49.998
47 41 51.531
47 42 50.988
47 43 50.657
47 44 47.992
47 45 48.147
47 46 48.237
47 48 49.927
47 49 49.169
48 0 50.511
48 1 50.333
48 2 49.307
48 3 50.376
48 4 49.857
48 5 51.19
48 6 50.362
48 7 48.872
48 8 52.221
48 9 51.922
48 10 49.349
48 11 50.865
48 12 50.781
48 13 49.972
48 14 49.332
48 15 50.294
48 16 50.143
48 17 49.51
48 18 51.127
48 19 50.405
48 20 50.903
48 21 50.952
48 22 50.952
48 23 49.325
48 24 48.859
48 25 49.418
48 26 49.965
48 27 50.475
48 28 51.968
48 29 49.946
48 30 50.935
48 31 49.172
48 32 50.611
48 33 48.523
48 34 48.554
48 35 48.985
48 36 49.444
48 37 49.298
48 38 50.567
48 39 48.92
48 40 50.825
48 41 50.624
48 42 51.218
48 43 48.99
48 44 50.223
48 45 48.512
48 46 49.551
48 47 49.927
48 49 50.659
49 0 50.515
49 1 49.099
49 2 51.938
49 3 50.457
49 4 49.726
49 5 49.672
49 6 49.012
49 7 50.395
49 8 47.922
49 9 49.524
49 10 50.104
49 11 50.848
49 12 50.156
49 13 49.064
49 14 51.681
49 15 49.444
49 16 50.518
49 17 51.045
49 18 50.064
49 19 49.745
49 20 48.089
49 21 50.413
49 22 50.823
49 23 50.827
49 24 49.324
49 25 52.822
49 26 51.177
49 27 48.793
49 28 49.522
49 29 51.17
49 30 49.81
49 31 48.908
49 32 50.694
49 33 49.499
49 34 50.983
49 35 50.352
49 36 49.892
49 37 50.894
49 38 49.165
49 39 51.271
49 40 49.902
49 41 50.358
49 42 51.618
49 43 48.813
49 44 49.165
49 45 48.351
49 46 50.209
49 47 49.169
49 48 50.659