30
0 1 50.024
0 2 50.849
0 3 49.849
0 4 50.369
0 5 50.167
0 6 52.147
0 7 50.307
0 8 49.241
0 9 49.97
0 10 49.08
0 11 51.356
0 12 50.941
0 13 49.159
0 14 50.314
0 15 49.909
0 16 48.223
0 17 50.256
0 18 51.766
0 19 51.249
0 20 49.735
0 21 48.424
0 22 50.627
0 23 50.495
0 24 47.819
0 25 47.758
0 26 51.73
0 27 49.113
0 28 50.335
0 29 50.126
1 0 50.024
1 2 50.549
1 3 50.258
1 4 49.915
1 5 49.908
1 6 51.029
1 7 49.345
1 8 48.917
1 9 52.617
1 10 49.786
1 11 51.169
1 12 50.199
1 13 50.689
1 14 49.033
1 15 50.146
1 16 45.517
1 17 49.781
1 18 49.088
1 19 50.514
1 20 49.186
1 21 48.937
1 22 50.106
1 23 50.105
1 24 49.068
1 25 51.488
1 26 50.365
1 27 48.397
1 28 49.109
1 29 49.823
2 0 50.849
2 1 50.549
2 3 50.496
2 4 50.805
2 5 49.961
2 6 50.166
2 7 51.95
2 8 50.877
2 9 48.063
2 10 49.831
2 11 49.027
2 12 50.651
2 13 50.203
2 14 49.251
2 15 49.666
2 16 50.661
2 17 49.273
2 18 49.514
2 19 49.409
2 20 51.249
2 21 50.103
2 22 48.379
2 23 49.677
2 24 50.468
2 25 49.409
2 26 49.943
2 27 51.567
2 28 48.941
2 29 49.467
3 0 49.849
3 1 50.258
3 2 50.496
3 4 50.291
3 5 51.573
3 6 50.627
3 7 52.222
3 8 51.228
3 9 51.87
3 10 50.95
3 11 51.039
3 12 51.558
3 13 49.89
3 14 50.415
3 15 48.622
3 16 50.192
3 17 50.316
3 18 48.911
3 19 50.866
3 20 48.861
3 21 49.277
3 22 49.781
3 23 50.311
3 24 49.969
3 25 50.505
3 26 50.236
3 27 50.112
3 28 50.57
3 29 50.401
4 0 50.369
4 1 49.915
4 2 50.805
4 3 50.291
4 5 50.466
4 6 49.997
4 7 49.496
4 8 50.13
4 9 49.669
4 10 49.94
4 11 50.151
4 12 46.547
4 13 50.325
4 14 50.321
4 15 51.773
4 16 49.859
4 17 49.27
4 18 52.295
4 19 48.551
4 20 51.155
4 21 50.727
4 22 51.105
4 23 49.276
4 24 48.459
4 25 50.578
4 26 49.306
4 27 50.939
4 28 49.838
4 29 50.123
5 0 50.167
5 1 49.908
5 2 49.961
5 3 51.573
5 4 50.466
5 6 50.629
5 7 48.916
5 8 49.664
5 9 50.24
5 10 49.461
5 11 50.403
5 12 53.31
5 13 48.671
5 14 49.648
5 15 50.646
5 16 51.069
5 17 49.399
5 18 50.21
5 19 51.426
5 20 49.59
5 21 50.722
5 22 48.459
5 23 49.124
5 24 50.493
5 25 50.388
5 26 49.893
5 27 48.56
5 28 51.517
5 29 49.686
6 0 52.147
6 1 51.029
6 2 50.166
6 3 50.627
6 4 49.997
6 5 50.629
6 7 49.418
6 8 51.386
6 9 48.032
6 10 49.264
6 11 48.253
6 12 51.736
6 13 49.226
6 14 48.168
6 15 48.71
6 16 49.211
6 17 49.54
6 18 51.598
6 19 49.407
6 20 50.344
6 21 50.291
6 22 50.223
6 23 49.457
6 24 49.945
6 25 50.724
6 26 49.258
6 27 49.404
6 28 48.116
6 29 48.324
7 0 50.307
7 1 49.345
7 2 51.95
7 3 52.222
7 4 49.496
7 5 48.916
7 6 49.418
7 8 50.241
7 9 49.337
7 10 50.62
7 11 49.731
7 12 47.098
7 13 48.393
7 14 49.244
7 15 48.866
7 16 51.341
7 17 49.621
7 18 48.54
7 19 50.835
7 20 50.645
7 21 49.537
7 22 49.624
7 23 48.19
7 24 50.971
7 25 48.324
7 26 49.579
7 27 50.01
7 28 49.248
7 29 51.044
8 0 49.241
8 1 48.917
8 2 50.877
8 3 51.228
8 4 50.13
8 5 49.664
8 6 51.386
8 7 50.241
8 9 50.904
8 10 50.606
8 11 49.99
8 12 50.921
8 13 51.923
8 14 51.106
8 15 48.407
8 16 48.284
8 17 49.852
8 18 52.177
8 19 49.918
8 20 50.82
8 21 49.868
8 22 47.98
8 23 51.276
8 24 50.523
8 25 49.066
8 26 50.116
8 27 49.034
8 28 49.927
8 29 48.906
9 0 49.97
9 1 52.617
9 2 48.063
9 3 51.87
9 4 49.669
9 5 50.24
9 6 48.032
9 7 49.337
9 8 50.904
9 10 51.379
9 11 50.238
9 12 50.195
9 13 50.957
9 14 50.709
9 15 49.31
9 16 49.606
9 17 48.973
9 18 49.958
9 19 50.284
9 20 50.777
9 21 50.557
9 22 49.867
9 23 50.011
9 24 51.042
9 25 49.985
9 26 49.914
9 27 49.197
9 28 49.56
9 29 50.579
10 0 49.08
10 1 49.786
10 2 49.831
10 3 50.95
10 4 49.94
10 5 49.461
10 6 49.264
10 7 50.62
10 8 50.606
10 9 51.379
10 11 51.186
10 12 49.306
10 13 48.671
10 14 50.236
10 15 51.395
10 16 49.817
10 17 49.392
10 18 50.961
10 19 48.702
10 20 52.385
10 21 51.65
10 22 50.633
10 23 51.884
10 24 49.949
10 25 50.46
10 26 51.368
10 27 50.257
10 28 51.208
10 29 47.258
11 0 51.356
11 1 51.169
11 2 49.027
11 3 51.039
11 4 50.151
11 5 50.403
11 6 48.253
11 7 49.731
11 8 49.99
11 9 50.238
11 10 51.186
11 12 50.842
11 13 48.843
11 14 51.368
11 15 49.189
11 16 49.009
11 17 50.387
11 18 48.538
11 19 50.735
11 20 51.868
11 21 52.664
11 22 49.311
11 23 48.927
11 24 50.317
11 25 49.835
11 26 50.411
11 27 50.402
11 28 50.216
11 29 49.354
12 0 50.941
12 1 50.199
12 2 50.651
12 3 51.558
12 4 46.547
12 5 53.31
12 6 51.736
12 7 47.098
12 8 50.921
12 9 50.195
12 10 49.306
12 11 50.842
12 13 47.728
12 14 50.536
12 15 48.431
12 16 49.497
12 17 49.447
12 18 46.969
12 19 49.338
12 20 52.383
12 21 50.609
12 22 51.339
12 23 50.874
12 24 48.836
12 25 51.605
12 26 48.706
12 27 50.207
12 28 50.485
12 29 51.383
13 0 49.159
13 1 50.689
13 2 50.203
13 3 49.89
13 4 50.325
13 5 48.671
13 6 49.226
13 7 48.393
13 8 51.923
13 9 50.957
13 10 48.671
13 11 48.843
13 12 47.728
13 14 50.696
13 15 49.041
13 16 49.844
13 17 50.197
13 18 48.511
13 19 48.522
13 20 51.421
13 21 47.912
13 22 48.888
13 23 50.058
13 24 49.082
13 25 49.626
13 26 50.869
13 27 49.208
13 28 50.319
13 29 49.257
14 0 50.314
14 1 49.033
14 2 49.251
14 3 50.415
14 4 50.321
14 5 49.648
14 6 48.168
14 7 49.244
14 8 51.106
14 9 50.709
14 10 50.236
14 11 51.368
14 12 50.536
14 13 50.696
14 15 50.419
14 16 49.184
14 17 49.782
14 18 50.461
14 19 50.433
14 20 49.344
14 21 50.313
14 22 50.724
14 23 51.582
14 24 49.886
14 25 49.587
14 26 49.676
14 27 50.454
14 28 47.87
14 29 49.475
15 0 49.909
15 1 50.146
15 2 49.666
15 3 48.622
15 4 51.773
15 5 50.646
15 6 48.71
15 7 48.866
15 8 48.407
15 9 49.31
15 10 51.395
15 11 49.189
15 12 48.431
15 13 49.041
15 14 50.419
15 16 50.274
15 17 52.241
15 18 50.543
15 19 49.248
15 20 48.9
15 21 49.808
15 22 49.275
15 23 49.899
15 24 50.458
15 25 50.835
15 26 49.026
15 27 49.72
15 28 51.809
15 29 48.67
16 0 48.223
16 1 45.517
16 2 50.661
16 3 50.192
16 4 49.859
16 5 51.069
16 6 49.211
16 7 51.341
16 8 48.284
16 9 49.606
16 10 49.817
16 11 49.009
16 12 49.497
16 13 49.844
16 14 49.184
16 15 50.274
16 17 49.871
16 18 51.689
16 19 49.748
16 20 49.718
16 21 48.351
16 22 50.137
16 23 50.673
16 24 50.74
16 25 51.039
16 26 51.757
16 27 51.314
16 28 49.313
16 29 50.104
17 0 50.256
17 1 49.781
17 2 49.273
17 3 50.316
17 4 49.27
17 5 49.399
17 6 49.54
17 7 49.621
17 8 49.852
17 9 48.973
17 10 49.392
17 11 50.387
17 12 49.447
17 13 50.197
17 14 49.782
17 15 52.241
17 16 49.871
17 18 50.05
17 19 50.028
17 20 49.503
17 21 49.512
17 22 49.812
17 23 52.0
17 24 50.821
17 25 53.29
17 26 50.424
17 27 50.117
17 28 49.837
17 29 49.641
18 0 51.766
18 1 49.088
18 2 49.514
18 3 48.911
18 4 52.295
18 5 50.21
18 6 51.598
18 7 48.54
18 8 52.177
18 9 49.958
18 10 50.961
18 11 48.538
18 12 46.969
18 13 48.511
18 14 50.461
18 15 50.543
18 16 51.689
18 17 50.05
18 19 51.133
18 20 49.01
18 21 49.953
18 22 49.715
18 23 49.359
18 24 49.463
18 25 49.529
18 26 51.431
18 27 52.105
18 28 48.982
18 29 50.477
19 0 51.249
19 1 50.514
19 2 49.409
19 3 50.866
19 4 48.551
19 5 51.426
19 6 49.407
19 7 50.835
19 8 49.918
19 9 50.284
19 10 48.702
19 11 50.735
19 12 49.338
19 13 48.522
19 14 50.433
19 15 49.248
19 16 49.748
19 17 50.028
19 18 51.133
19 20 50.243
19 21 50.217
19 22 51.023
19 23 50.388
19 24 50.307
19 25 50.93
19 26 49.135
19 27 49.611
19 28 50.544
19 29 48.493
20 0 49.735
20 1 49.186
20 2 51.249
20 3 48.861
20 4 51.155
20 5 49.59
20 6 50.344
20 7 50.645
20 8 50.82
20 9 50.777
20 10 52.385
20 11 51.868
20 12 52.383
20 13 51.421
20 14 49.344
20 15 48.9
20 16 49.718
20 17 49.503
20 18 49.01
20 19 50.243
20 21 49.596
20 22 49.757
20 23 50.709
20 24 49.911
20 25 49.568
20 26 50.172
20 27 49.815
20 28 50.499
20 29 50.826
21 0 48.424
21 1 48.937
21 2 50.103
21 3 49.277
21 4 50.727
21 5 50.722
21 6 50.291
21 7 49.537
21 8 49.868
21 9 50.557
21 10 51.65
21 11 52.664
21 12 50.609
21 13 47.912
21 14 50.313
21 15 49.808
21 16 48.351
21 17 49.512
21 18 49.953
21 19 50.217
21 20 49.596
21 22 50.072
21 23 50.49
21 24 50.109
21 25 49.163
21 26 51.069
21 27 50.885
21 28 49.364
21 29 49.655
22 0 50.627
22 1 50.106
22 2 48.379
22 3 49.781
22 4 51.105
22 5 48.459
22 6 50.223
22 7 49.624
22 8 47.98
22 9 49.867
22 10 50.633
22 11 49.311
22 12 51.339
22 13 48.888
22 14 50.724
22 15 49.275
22 16 50.137
22 17 49.812
22 18 49.715
22 19 51.023
22 20 49.757
22 21 50.072
22 23 49.783
22 24 49.347
22 25 49.951
22 26 49.129
22 27 50.42
22 28 49.65
22 29 49.252
23 0 50.495
23 1 50.105
23 2 49.677
23 3 50.311
23 4 49.276
23 5 49.124
23 6 49.457
23 7 48.19
23 8 51.276
23 9 50.011
23 10 51.884
23 11 48.927
23 12 50.874
23 13 50.058
23 14 51.582
23 15 49.899
23 16 50.673
23 17 52.0
23 18 49.359
23 19 50.388
23 20 50.709
23 21 50.49
23 22 49.783
23 24 49.016
23 25 47.619
23 26 50.164
23 27 50.496
23 28 49.872
23 29 50.091
24 0 47.819
24 1 49.068
24 2 50.468
24 3 49.969
24 4 48.459
24 5 50.493
24 6 49.945
24 7 50.971
24 8 50.523
24 9 51.042
24 10 49.949
24 11 50.317
24 12 48.836
24 13 49.082
24 14 49.886
24 15 50.458
24 16 50.74
24 17 50.821
24 18 49.463
24 19 50.307
24 20 49.911
24 21 50.109
24 22 49.347
24 23 49.016
24 25 49.164
24 26 50.865
24 27 49.347
24 28 50.055
24 29 49.207
25 0 47.758
25 1 51.488
25 2 49.409
25 3 50.505
25 4 50.578
25 5 50.388
25 6 50.724
25 7 48.324
25 8 49.066
25 9 49.985
25 10 50.46
25 11 49.835
25 12 51.605
25 13 49.626
25 14 49.587
25 15 50.835
25 16 51.039
25 17 53.29
25 18 49.529
25 19 50.93
25 20 49.568
25 21 49.163
25 22 49.951
25 23 47.619
25 24 49.164
25 26 49.669
25 27 49.849
25 28 48.75
25 29 49.749
26 0 51.73
26 1 50.365
26 2 49.943
26 3 50.236
26 4 49.306
26 5 49.893
26 6 49.258
26 7 49.579
26 8 50.116
26 9 49.914
26 10 51.368
26 11 50.411
26 12 48.706
26 13 50.869
26 14 49.676
26 15 49.026
26 16 51.757
26 17 50.424
26 18 51.431
26 19 49.135
26 20 50.172
26 21 51.069
26 22 49.129
26 23 50.164
26 24 50.865
26 25 49.669
26 27 50.847
26 28 50.059
26 29 48.225
27 0 49.113
27 1 48.397
27 2 51.567
27 3 50.112
27 4 50.939
27 5 48.56
27 6 49.404
27 7 50.01
27 8 49.034
27 9 49.197
27 10 50.257
27 11 50.402
27 12 50.207
27 13 49.208
27 14 50.454
27 15 49.72
27 16 51.314
27 17 50.117
27 18 52.105
27 19 49.611
27 20 49.815
27 21 50.885
27 22 50.42
27 23 50.496
27 24 49.347
27 25 49.849
27 26 50.847
27 28 49.341
27 29 50.508
28 0 50.335
28 1 49.109
28 2 48.941
28 3 50.57
28 4 49.838
28 5 51.517
28 6 48.116
28 7 49.248
28 8 49.927
28 9 49.56
28 10 51.208
28 11 50.216
28 12 50.485
28 13 50.319
28 14 47.87
28 15 51.809
28 16 49.313
28 17 49.837
28 18 48.982
28 19 50.544
28 20 50.499
28 21 49.364
28 22 49.65
28 23 49.872
28 24 50.055
28 25 48.75
28 26 50.059
28 27 49.341
28 29 49.147
29 0 50.126
29 1 49.823
29 2 49.467
29 3 50.401
29 4 50.123
29 5 49.686
29 6 48.324
29 7 51.044
29 8 48.906
29 9 50.579
29 10 47.258
29 11 49.354
29 12 51.383
29 13 49.257
29 14 49.475
29 15 48.67
29 16 50.104
29 17 49.641
29 18 50.477
29 19 48.493
29 20 50.826
29 21 49.655
29 22 49.252
29 23 50.091
29 24 49.207
29 25 49.749
29 26 48.225
29 27 50.508
29 28 49.147