50
0 1 34.276
0 39 46.87
0 12 27.16
0 3 77.533
0 41 79.002
0 7 7.861
0 28 67.239
0 0 7.071
0 20 46.126
0 8 40.666
0 32 9.614
0 24 33.949
0 40 80.371
0 14 55.339
0 9 25.25
0 46 43.386
0 49 69.547
0 19 18.197
0 25 30.594
0 6 29.69
0 16 29.438
0 21 8.951
0 5 78.712
0 35 28.586
0 17 54.463
0 34 98.387
0 48 83.167
0 31 95.148
0 47 81.135
0 36 93.54
0 27 44.513
0 18 83.774
0 13 61.587
0 4 35.674
0 22 70.493
0 37 22.689
0 23 76.488
0 2 98.386
0 30 82.419
0 29 6.6
0 11 17.89
0 44 91.655
0 26 96.681
0 42 19.19
0 10 82.828
0 38 35.208
0 45 81.389
0 33 60.437
0 15 16.184
0 43 83.237
1 15 27.032
1 20 7.515
1 13 30.816
1 19 55.346
1 14 9.714
1 12 99.711
1 30 27.043
1 6 36.04
1 21 46.69
1 18 16.296
1 48 64.571
1 36 22.775
1 28 82.12
1 41 52.856
1 22 15.809
1 4 14.151
1 38 3.846
1 46 76.113
1 0 34.276
1 40 68.39
1 3 22.537
1 5 45.671
1 37 83.19
1 25 13.852
1 16 20.561
2 43 7.775
2 20 55.621
2 44 84.741
2 48 62.984
2 49 63.541
2 17 47.162
2 36 65.21
2 0 98.386
2 34 80.321
2 41 78.649
2 10 18.176
2 24 34.671
2 18 31.375
2 23 68.767
2 32 15.232
2 4 25.539
2 7 40.82
2 26 79.352
2 11 17.049
2 45 46.644
2 30 92.986
2 29 1.997
2 35 19.255
2 31 33.19
3 38 1.66
3 34 52.956
3 10 21.75
3 3 14.896
3 23 36.047
3 14 60.783
3 0 77.533
3 26 3.168
3 39 16.727
3 36 89.469
3 12 17.143
3 22 63.773
3 17 62.99
3 35 31.809
3 48 25.798
3 28 83.703
3 1 22.537
3 4 6.345
3 11 62.557
3 19 93.558
3 30 35.861
3 20 2.789
3 44 76.36
3 46 50.671
3 31 76.949
3 33 42.418
4 36 6.659
4 26 97.536
4 19 48.799
4 5 6.924
4 37 64.245
4 30 51.105
4 9 37.984
4 25 8.038
4 29 58.583
4 47 16.334
4 42 95.733
4 35 25.878
4 7 64.751
4 23 92.437
4 20 52.791
4 1 14.151
4 14 56.661
4 11 67.81
4 13 49.41
4 3 6.345
4 27 67.34
4 28 31.411
4 8 64.705
4 17 62.815
4 45 51.425
4 38 49.591
4 18 43.322
4 21 18.704
4 16 71.166
4 46 10.313
4 15 45.857
4 32 78.878
4 2 25.539
4 0 35.674
4 34 59.409
5 4 6.924
5 38 72.057
5 21 96.455
5 36 8.026
5 12 32.926
5 0 78.712
5 1 45.671
5 13 77.285
5 45 26.718
5 37 13.082
5 10 76.73
5 6 30.177
5 40 21.591
5 43 99.276
5 32 30.693
5 24 5.531
5 47 55.366
5 33 10.864
5 48 46.384
5 27 41.358
6 35 55.721
6 33 8.332
6 10 46.524
6 24 55.647
6 13 30.328
6 5 30.177
6 30 66.422
6 1 36.04
6 18 71.847
6 19 3.099
6 27 63.179
6 20 79.444
6 25 35.017
6 0 29.69
6 15 91.918
6 23 10.493
6 49 39.529
6 14 6.481
6 28 94.237
6 9 85.499
6 26 60.786
6 34 55.542
7 33 66.603
7 13 99.47
7 0 7.861
7 11 85.087
7 32 9.747
7 36 34.376
7 22 31.515
7 43 77.449
7 10 43.332
7 21 96.99
7 26 58.995
7 12 13.19
7 19 58.16
7 25 70.219
7 35 28.294
7 31 66.865
7 23 91.571
7 30 20.981
7 18 46.084
7 14 90.458
7 4 64.751
7 39 52.999
7 7 26.83
7 17 61.17
7 2 40.82
7 37 24.006
7 16 86.785
8 19 37.149
8 38 20.222
8 36 26.178
8 28 78.727
8 21 79.991
8 27 20.044
8 32 58.987
8 35 77.63
8 37 39.102
8 26 86.104
8 20 61.997
8 41 95.071
8 0 40.666
8 45 74.429
8 30 24.134
8 25 60.421
8 33 95.005
8 44 46.797
8 47 66.76
8 46 18.658
8 49 94.073
8 9 43.26
8 14 64.564
8 23 1.482
8 43 79.105
8 4 64.705
8 12 66.08
8 40 77.684
8 18 3.02
8 15 94.64
8 16 39.662
9 46 60.775
9 23 37.912
9 34 94.395
9 21 61.224
9 49 63.844
9 10 15.165
9 4 37.984
9 35 33.044
9 17 63.955
9 29 43.929
9 18 71.406
9 30 90.514
9 0 25.25
9 37 71.941
9 38 95.86
9 16 66.892
9 6 85.499
9 32 11.535
9 19 20.761
9 22 95.531
9 44 3.171
9 24 29.315
9 15 52.072
9 48 35.842
9 8 43.26
9 41 86.608
9 14 58.078
9 13 31.506
10 31 40.519
10 2 18.176
10 0 82.828
10 25 12.845
10 3 21.75
10 11 14.015
10 23 12.909
10 41 37.008
10 16 17.303
10 22 20.962
10 43 11.177
10 9 15.165
10 28 92.29
10 36 35.323
10 18 31.768
10 32 65.623
10 39 35.583
10 34 19.338
10 29 61.271
10 46 62.474
10 45 38.263
10 48 22.15
10 35 60.553
10 7 43.332
10 37 40.347
10 24 95.891
10 17 18.253
10 5 76.73
10 26 67.129
10 21 62.059
10 33 93.715
10 6 46.524
11 46 95.428
11 24 17.465
11 11 23.181
11 25 27.158
11 26 16.733
11 22 31.181
11 49 29.448
11 18 56.074
11 43 99.954
11 3 62.557
11 48 28.413
11 0 17.89
11 20 39.201
11 4 67.81
11 44 93.194
11 7 85.087
11 40 43.442
11 21 99.546
11 30 95.136
11 34 44.004
11 38 22.801
11 17 13.806
11 28 76.579
11 41 83.781
11 2 17.049
11 23 81.083
11 13 5.528
11 29 32.385
11 16 60.411
11 12 88.527
11 19 56.207
11 27 7.841
11 10 14.015
12 0 27.16
12 8 66.08
12 34 63.041
12 33 45.844
12 5 32.926
12 26 77.673
12 3 17.143
12 19 84.233
12 28 19.632
12 29 27.807
12 43 42.16
12 1 99.711
12 14 56.272
12 45 48.294
12 31 91.215
12 40 14.575
12 47 45.638
12 21 85.531
12 22 77.443
12 20 10.448
12 11 88.527
12 37 95.197
12 49 60.356
12 7 13.19
12 15 16.871
12 30 88.515
12 24 63.908
13 47 24.311
13 26 23.511
13 21 61.811
13 30 74.274
13 0 61.587
13 19 11.64
13 31 92.352
13 7 99.47
13 45 66.834
13 11 5.528
13 15 57.306
13 28 35.112
13 35 61.697
13 39 73.418
13 33 86.478
13 37 5.362
13 13 68.793
13 38 65.634
13 4 49.41
13 5 77.285
13 6 30.328
13 9 31.506
13 27 93.306
13 20 54.941
13 49 71.632
13 22 22.324
13 18 36.674
13 48 97.732
13 41 68.928
13 34 24.303
13 1 30.816
13 43 83.383
13 46 86.526
14 15 98.651
14 6 6.481
14 29 63.095
14 19 15.716
14 4 56.661
14 28 45.63
14 27 95.851
14 23 88.282
14 33 65.535
14 9 58.078
14 7 90.458
14 39 36.541
14 26 95.815
14 47 5.897
14 0 55.339
14 21 88.235
14 41 97.651
14 8 64.564
14 12 56.272
14 30 86.779
14 43 1.516
14 18 6.747
14 1 9.714
14 31 52.434
14 35 49.333
14 34 68.852
14 24 95.729
14 37 29.193
14 42 37.162
14 46 68.556
14 49 43.034
14 44 18.561
14 36 76.83
14 3 60.783
14 25 20.368
14 45 94.184
14 32 61.36
14 17 17.941
15 41 13.703
15 47 54.573
15 15 89.053
15 4 45.857
15 8 94.64
15 0 16.184
15 24 55.495
15 12 16.871
15 39 54.517
15 23 83.928
15 29 93.814
15 6 91.918
15 36 84.005
15 31 97.076
15 43 10.426
15 17 41.938
15 13 57.306
15 25 7.674
15 34 79.775
15 49 48.186
15 44 54.969
15 35 89.033
15 9 52.072
15 37 70.3
15 48 30.843
15 1 27.032
15 22 47.034
15 18 36.21
15 40 40.713
15 14 98.651
16 10 17.303
16 37 89.261
16 25 47.587
16 7 86.785
16 1 20.561
16 29 70.471
16 32 64.184
16 48 37.731
16 17 28.559
16 9 66.892
16 11 60.411
16 42 65.513
16 0 29.438
16 4 71.166
16 18 86.861
16 44 20.341
16 35 31.022
16 30 39.336
16 27 18.483
16 23 61.93
16 28 54.188
16 38 30.323
16 31 76.462
16 41 93.333
16 45 81.624
16 8 39.662
16 36 33.105
17 14 17.941
17 47 24.171
17 40 45.578
17 16 28.559
17 44 30.396
17 0 54.463
17 19 73.664
17 18 56.058
17 24 27.227
17 3 62.99
17 10 18.253
17 32 41.006
17 29 69.323
17 11 13.806
17 45 65.709
17 27 85.71
17 15 41.938
17 2 47.162
17 49 14.336
17 4 62.815
17 26 89.166
17 42 42.195
17 34 82.674
17 25 6.325
17 9 63.955
17 7 61.17
18 38 19.788
18 24 17.305
18 31 37.921
18 48 93.875
18 27 83.537
18 17 56.058
18 47 61.522
18 33 92.191
18 49 87.872
18 15 36.21
18 7 46.084
18 1 16.296
18 0 83.774
18 13 36.674
18 43 85.419
18 11 56.074
18 4 43.322
18 10 31.768
18 23 62.572
18 21 52.755
18 36 9.61
18 40 76.012
18 2 31.375
18 39 6.055
18 25 38.031
18 30 29.48
18 14 6.747
18 32 42.764
18 28 69.845
18 8 3.02
18 41 82.51
18 6 71.847
18 37 44.286
18 16 86.861
18 35 48.694
18 9 71.406
19 26 24.888
19 28 4.744
19 45 14.367
19 24 26.807
19 42 20.632
19 37 60.239
19 17 73.664
19 41 1.126
19 1 55.346
19 44 89.512
19 40 42.416
19 4 48.799
19 6 3.099
19 29 34.234
19 3 93.558
19 11 56.207
19 49 16.173
19 8 37.149
19 13 11.64
19 7 58.16
19 9 20.761
19 36 40.35
19 32 77.871
19 0 18.197
19 22 83.372
19 14 15.716
19 25 52.924
19 30 68.422
19 23 24.727
19 46 72.382
19 12 84.233
19 35 30.819
19 38 85.683
20 11 39.201
20 47 57.334
20 22 79.377
20 2 55.621
20 42 86.324
20 13 54.941
20 20 52.793
20 27 51.907
20 37 26.822
20 32 63.125
20 24 76.46
20 12 10.448
20 4 52.791
20 35 69.302
20 3 2.789
20 38 3.212
20 8 61.997
20 45 29.512
20 31 63.083
20 36 41.681
20 34 41.595
20 0 46.126
20 41 86.167
20 48 61.426
20 23 85.693
20 39 5.924
20 1 7.515
20 6 79.444
21 12 85.531
21 26 14.724
21 7 96.99
21 4 18.704
21 1 46.69
21 14 88.235
21 33 69.953
21 27 68.822
21 18 52.755
21 25 19.644
21 9 61.224
21 30 81.385
21 23 77.721
21 10 62.059
21 43 5.374
21 24 28.255
21 11 99.546
21 41 94.728
21 13 61.811
21 5 96.455
21 47 73.203
21 0 8.951
21 34 6.79
21 22 56.198
21 40 11.628
21 36 36.956
21 29 10.916
21 32 18.639
21 39 51.754
21 48 54.261
21 38 88.702
21 8 79.991
21 42 34.416
22 13 22.324
22 34 11.192
22 26 73.608
22 1 15.809
22 3 63.773
22 43 65.921
22 9 95.531
22 29 79.951
22 15 47.034
22 21 56.198
22 25 4.426
22 11 31.181
22 38 64.161
22 33 68.111
22 0 70.493
22 40 61.719
22 24 34.736
22 39 49.149
22 23 44.486
22 20 79.377
22 35 17.243
22 46 40.915
22 19 83.372
22 47 99.233
22 45 69.53
22 7 31.515
22 30 39.65
22 12 77.443
22 36 82.57
22 37 24.074
22 10 20.962
22 27 34.639
23 4 92.437
23 7 91.571
23 22 44.486
23 38 31.439
23 28 22.543
23 16 61.93
23 0 76.488
23 14 88.282
23 47 28.065
23 34 15.519
23 9 37.912
23 48 13.899
23 35 37.38
23 45 75.824
23 11 81.083
23 46 48.428
23 32 20.499
23 8 1.482
23 6 10.493
23 10 12.909
23 42 50.022
23 2 68.767
23 33 95.743
23 44 97.088
23 23 29.575
23 43 22.597
23 27 13.403
23 19 24.727
23 29 87.935
23 26 80.199
23 15 83.928
23 3 36.047
23 21 77.721
23 31 82.981
23 20 85.693
23 41 41.186
23 18 62.572
24 10 95.891
24 27 26.085
24 15 55.495
24 19 26.807
24 21 28.255
24 43 86.401
24 9 29.315
24 38 13.282
24 2 34.671
24 34 15.877
24 30 70.31
24 47 86.672
24 5 5.531
24 44 96.973
24 12 63.908
24 6 55.647
24 29 88.769
24 49 58.145
24 46 35.6
24 32 3.348
24 26 12.381
24 0 33.949
24 22 34.736
24 25 25.598
24 18 17.305
24 48 84.56
24 28 7.342
24 17 27.227
24 42 99.952
24 11 17.465
24 14 95.729
24 20 76.46
24 31 62.524
25 37 94.865
25 4 8.038
25 43 8.623
25 6 35.017
25 35 51.124
25 16 47.587
25 49 45.357
25 28 71.817
25 46 61.59
25 17 6.325
25 30 85.344
25 10 12.845
25 40 52.623
25 18 38.031
25 11 27.158
25 47 71.046
25 8 60.421
25 45 52.596
25 21 19.644
25 26 21.289
25 41 66.071
25 1 13.852
25 31 17.469
25 22 4.426
25 15 7.674
25 0 30.594
25 14 20.368
25 44 3.653
25 36 10.982
25 29 51.294
25 7 70.219
25 27 80.419
25 24 25.598
25 19 52.924
25 48 71.262
26 21 14.724
26 11 16.733
26 41 27.486
26 23 80.199
26 44 70.232
26 42 58.14
26 46 3.05
26 26 10.156
26 3 3.168
26 8 86.104
26 32 10.161
26 2 79.352
26 7 58.995
26 43 5.142
26 27 24.54
26 37 45.283
26 19 24.888
26 22 73.608
26 17 89.166
26 25 21.289
26 10 67.129
26 4 97.536
26 31 10.872
26 38 4.913
26 0 96.681
26 30 58.56
26 13 23.511
26 36 51.515
26 14 95.815
26 12 77.673
26 6 60.786
26 39 80.468
26 24 12.381
27 43 48.028
27 26 24.54
27 37 69.107
27 49 9.682
27 24 26.085
27 31 54.641
27 21 68.822
27 32 33.899
27 0 44.513
27 8 20.044
27 17 85.71
27 35 28.498
27 4 67.34
27 16 18.483
27 25 80.419
27 22 34.639
27 6 63.179
27 18 83.537
27 45 95.98
27 33 1.17
27 5 41.358
27 11 7.841
27 14 95.851
27 28 94.673
27 34 65.516
27 44 36.334
27 13 93.306
27 20 51.907
27 47 83.128
27 23 13.403
27 41 6.413
28 23 22.543
28 19 4.744
28 6 94.237
28 25 71.817
28 16 54.188
28 3 83.703
28 35 51.336
28 4 31.411
28 11 76.579
28 10 92.29
28 37 35.744
28 45 57.287
28 29 84.386
28 1 82.12
28 49 53.794
28 27 94.673
28 32 63.136
28 46 5.142
28 13 35.112
28 39 39.599
28 38 84.625
28 41 94.961
28 30 88.612
28 34 99.878
28 0 67.239
28 8 78.727
28 33 57.351
28 24 7.342
28 18 69.845
28 12 19.632
28 14 45.63
28 48 26.374
28 36 56.149
28 28 70.719
29 17 69.323
29 44 66.653
29 14 63.095
29 12 27.807
29 25 51.294
29 22 79.951
29 2 1.997
29 15 93.814
29 24 88.769
29 28 84.386
29 10 61.271
29 30 27.003
29 45 79.064
29 23 87.935
29 32 69.29
29 48 76.175
29 34 71.631
29 16 70.471
29 4 58.583
29 35 82.496
29 9 43.929
29 33 43.257
29 40 58.655
29 36 16.464
29 11 32.385
29 0 6.6
29 19 34.234
29 21 10.916
29 47 69.442
29 39 55.701
30 45 76.788
30 3 35.861
30 4 51.105
30 37 43.241
30 24 70.31
30 36 68.197
30 0 82.419
30 25 85.344
30 13 74.274
30 29 27.003
30 7 20.981
30 28 88.612
30 8 24.134
30 42 11.024
30 2 92.986
30 26 58.56
30 33 26.573
30 43 85.161
30 21 81.385
30 47 5.229
30 9 90.514
30 30 1.247
30 35 3.93
30 19 68.422
30 6 66.422
30 22 39.65
30 39 43.927
30 46 23.986
30 14 86.779
30 11 95.136
30 1 27.043
30 38 30.184
30 12 88.515
30 18 29.48
30 16 39.336
31 18 37.921
31 43 29.073
31 13 92.352
31 16 76.462
31 3 76.949
31 47 31.573
31 33 15.961
31 15 97.076
31 0 95.148
31 14 52.434
31 27 54.641
31 23 82.981
31 10 40.519
31 48 69.034
31 12 91.215
31 46 62.537
31 31 90.109
31 7 66.865
31 45 11.688
31 24 62.524
31 39 85.86
31 42 75.927
31 25 17.469
31 20 63.083
31 2 33.19
31 40 30.623
31 26 10.872
31 37 61.383
32 4 78.878
32 16 64.184
32 10 65.623
32 19 77.871
32 5 30.693
32 36 7.887
32 28 63.136
32 27 33.899
32 34 60.956
32 44 31.499
32 9 11.535
32 2 15.232
32 49 77.24
32 29 69.29
32 14 61.36
32 18 42.764
32 17 41.006
32 23 20.499
32 41 63.239
32 21 18.639
32 46 72.65
32 7 9.747
32 20 63.125
32 48 23.813
32 24 3.348
32 26 10.161
32 0 9.614
32 8 58.987
33 43 74.868
33 30 26.573
33 42 71.57
33 3 42.418
33 22 68.111
33 18 92.191
33 48 44.236
33 44 52.875
33 33 26.621
33 40 33.631
33 8 95.005
33 29 43.257
33 41 29.812
33 10 93.715
33 13 86.478
33 27 1.17
33 23 95.743
33 12 45.844
33 31 15.961
33 46 1.051
33 35 49.943
33 28 57.351
33 7 66.603
33 5 10.864
33 6 8.332
33 14 65.535
33 37 90.744
33 21 69.953
33 47 69.497
33 0 60.437
34 2 80.321
34 29 71.631
34 27 65.516
34 3 52.956
34 21 6.79
34 0 98.387
34 17 82.674
34 36 80.265
34 12 63.041
34 6 55.542
34 9 94.395
34 23 15.519
34 13 24.303
34 48 41.984
34 14 68.852
34 38 10.152
34 10 19.338
34 24 15.877
34 20 41.595
34 22 11.192
34 47 80.345
34 32 60.956
34 43 4.277
34 4 59.409
34 28 99.878
34 11 44.004
34 15 79.775
35 23 37.38
35 15 89.033
35 30 3.93
35 25 51.124
35 18 48.694
35 20 69.302
35 40 70.418
35 0 28.586
35 2 19.255
35 9 33.044
35 38 75.529
35 48 40.539
35 3 31.809
35 6 55.721
35 7 28.294
35 27 28.498
35 49 68.394
35 8 77.63
35 22 17.243
35 33 49.943
35 46 27.218
35 4 25.878
35 13 61.697
35 14 49.333
35 42 37.174
35 29 82.496
35 16 31.022
35 39 56.667
35 41 16.316
35 28 51.336
35 10 60.553
35 19 30.819
36 42 16.969
36 41 99.794
36 36 26.131
36 46 52.225
36 5 8.026
36 19 40.35
36 34 80.265
36 45 97.037
36 48 9.444
36 47 31.628
36 32 7.887
36 14 76.83
36 22 82.57
36 18 9.61
36 10 35.323
36 7 34.376
36 28 56.149
36 3 89.469
36 15 84.005
36 2 65.21
36 16 33.105
36 43 1.195
36 20 41.681
36 30 68.197
36 26 51.515
36 8 26.178
36 29 16.464
36 25 10.982
36 1 22.775
36 4 6.659
36 38 11.614
36 49 1.881
36 21 36.956
36 0 93.54
36 44 99.238
37 18 44.286
37 5 13.082
37 42 76.882
37 1 83.19
37 20 26.822
37 38 82.339
37 31 61.383
37 7 24.006
37 28 35.744
37 15 70.3
37 26 45.283
37 0 22.689
37 10 40.347
37 22 24.074
37 30 43.241
37 12 95.197
37 14 29.193
37 4 64.245
37 48 80.904
37 19 60.239
37 25 94.865
37 37 11.973
37 44 32.099
37 39 27.822
37 33 90.744
37 13 5.362
37 43 26.22
37 8 39.102
37 27 69.107
37 16 89.261
37 9 71.941
38 1 3.846
38 23 31.439
38 20 3.212
38 37 82.339
38 43 86.747
38 28 84.625
38 24 13.282
38 18 19.788
38 9 95.86
38 22 64.161
38 13 65.634
38 40 99.601
38 49 65.961
38 11 22.801
38 8 20.222
38 45 74.126
38 21 88.702
38 16 30.323
38 4 49.591
38 46 71.264
38 26 4.913
38 39 10.275
38 5 72.057
38 3 1.66
38 35 75.529
38 34 10.152
38 30 30.184
38 48 57.043
38 0 35.208
38 36 11.614
38 19 85.683
39 7 52.999
39 46 42.532
39 37 27.822
39 31 85.86
39 15 54.517
39 3 16.727
39 13 73.418
39 28 39.599
39 10 35.583
39 48 76.808
39 38 10.275
39 39 77.887
39 30 43.927
39 18 6.055
39 20 5.924
39 26 80.468
39 21 51.754
39 35 56.667
39 0 46.87
39 22 49.149
39 14 36.541
39 45 6.692
39 29 55.701
39 41 68.677
40 40 22.654
40 1 68.39
40 42 47.878
40 35 70.418
40 31 30.623
40 29 58.655
40 46 43.206
40 11 43.442
40 38 99.601
40 17 45.578
40 8 77.684
40 12 14.575
40 0 80.371
40 5 21.591
40 25 52.623
40 21 11.628
40 19 42.416
40 45 2.254
40 18 76.012
40 15 40.713
40 22 61.719
40 33 33.631
41 10 37.008
41 15 13.703
41 20 86.167
41 27 6.413
41 23 41.186
41 21 94.728
41 2 78.649
41 44 1.773
41 8 95.071
41 32 63.239
41 18 82.51
41 43 24.285
41 33 29.812
41 25 66.071
41 13 68.928
41 9 86.608
41 39 68.677
41 14 97.651
41 35 16.316
41 11 83.781
41 26 27.486
41 28 94.961
41 0 79.002
41 16 93.333
41 36 99.794
41 42 96.692
41 19 1.126
41 1 52.856
42 31 75.927
42 20 86.324
42 14 37.162
42 37 76.882
42 24 99.952
42 47 39.488
42 23 50.022
42 35 37.174
42 26 58.14
42 17 42.195
42 21 34.416
42 16 65.513
42 46 40.696
42 40 47.878
42 49 61.642
42 33 71.57
42 4 95.733
42 19 20.632
42 41 96.692
42 44 65.427
42 0 19.19
42 43 9.921
42 36 16.969
42 30 11.024
42 42 46.127
43 10 11.177
43 23 22.597
43 27 48.028
43 13 83.383
43 33 74.868
43 38 86.747
43 18 85.419
43 25 8.623
43 34 4.277
43 30 85.161
43 0 83.237
43 7 77.449
43 14 1.516
43 37 26.22
43 21 5.374
43 48 14.851
43 22 65.921
43 31 29.073
43 11 99.954
43 15 10.426
43 12 42.16
43 43 79.567
43 24 86.401
43 36 1.195
43 41 24.285
43 42 9.921
43 2 7.775
43 49 72.836
43 26 5.142
43 8 79.105
43 5 99.276
44 45 89.519
44 48 93.388
44 2 84.741
44 29 66.653
44 32 31.499
44 15 54.969
44 3 76.36
44 41 1.773
44 14 18.561
44 11 93.194
44 27 36.334
44 42 65.427
44 23 97.088
44 24 96.973
44 8 46.797
44 0 91.655
44 9 3.171
44 46 85.682
44 25 3.653
44 26 70.232
44 33 52.875
44 17 30.396
44 19 89.512
44 36 99.238
44 16 20.341
44 37 32.099
45 13 66.834
45 4 51.425
45 38 74.126
45 17 65.709
45 20 29.512
45 5 26.718
45 27 95.98
45 29 79.064
45 10 38.263
45 44 89.519
45 22 69.53
45 19 14.367
45 12 48.294
45 2 46.644
45 36 97.037
45 46 93.854
45 31 11.688
45 30 76.788
45 47 45.249
45 14 94.184
45 39 6.692
45 25 52.596
45 28 57.287
45 16 81.624
45 40 2.254
45 49 71.277
45 23 75.824
45 8 74.429
45 0 81.389
45 48 19.462
46 38 71.264
46 0 43.386
46 45 93.854
46 22 40.915
46 48 79.004
46 36 52.225
46 28 5.142
46 42 40.696
46 25 61.59
46 44 85.682
46 1 76.113
46 26 3.05
46 30 23.986
46 32 72.65
46 13 86.526
46 4 10.313
46 19 72.382
46 10 62.474
46 14 68.556
46 40 43.206
46 9 60.775
46 24 35.6
46 3 50.671
46 49 48.358
46 35 27.218
46 33 1.051
46 23 48.428
46 11 95.428
46 47 32.366
46 8 18.658
46 39 42.532
46 31 62.537
47 45 45.249
47 8 66.76
47 27 83.128
47 25 71.046
47 33 69.497
47 22 99.233
47 34 80.345
47 15 54.573
47 20 57.334
47 14 5.897
47 42 39.488
47 17 24.171
47 30 5.229
47 36 31.628
47 29 69.442
47 13 24.311
47 12 45.638
47 4 16.334
47 21 73.203
47 18 61.522
47 46 32.366
47 24 86.672
47 23 28.065
47 0 81.135
47 5 55.366
47 31 31.573
48 3 25.798
48 21 54.261
48 2 62.984
48 11 28.413
48 25 71.262
48 28 26.374
48 1 64.571
48 24 84.56
48 33 44.236
48 0 83.167
48 15 30.843
48 35 40.539
48 20 61.426
48 18 93.875
48 46 79.004
48 43 14.851
48 44 93.388
48 10 22.15
48 13 97.732
48 36 9.444
48 16 37.731
48 37 80.904
48 5 46.384
48 49 14.576
48 34 41.984
48 39 76.808
48 9 35.842
48 31 69.034
48 29 76.175
48 38 57.043
48 45 19.462
48 23 13.899
48 32 23.813
49 6 39.529
49 8 94.073
49 45 71.277
49 0 69.547
49 46 48.358
49 2 63.541
49 48 14.576
49 17 14.336
49 14 43.034
49 43 72.836
49 38 65.961
49 32 77.24
49 28 53.794
49 25 45.357
49 12 60.356
49 15 48.186
49 36 1.881
49 27 9.682
49 35 68.394
49 18 87.872
49 49 38.408
49 19 16.173
49 24 58.145
49 11 29.448
49 13 71.632
49 9 63.844
49 42 61.642
