100
0 1 51.295
0 2 48.575
0 3 50.754
0 5 51.491
0 6 50.847
0 8 51.202
0 9 49.017
0 12 48.396
0 14 49.87
0 15 50.008
0 16 49.876
0 18 51.414
0 19 48.978
0 20 50.629
0 21 51.01
0 22 49.017
0 23 50.182
0 26 50.778
0 27 48.869
0 30 50.331
0 31 50.917
0 32 50.619
0 33 48.491
0 34 51.185
0 35 50.216
0 36 48.003
0 38 49.35
0 39 50.917
0 40 49.843
0 41 49.878
0 43 50.018
0 44 49.833
0 45 50.055
0 46 52.468
0 47 49.319
0 48 48.037
0 49 52.09
0 50 49.357
0 51 51.397
0 54 48.599
0 55 49.498
0 57 49.229
0 59 47.967
0 60 49.356
0 61 52.334
0 62 51.689
0 63 49.404
0 64 49.874
0 65 48.983
0 66 50.337
0 67 49.422
0 68 50.371
0 69 51.892
0 70 51.584
0 71 47.789
0 72 48.925
0 73 50.756
0 76 51.573
0 77 48.632
0 80 50.1
0 81 50.308
0 82 48.895
0 85 49.645
0 86 50.098
0 89 52.014
0 90 50.454
0 91 49.868
0 94 49.482
0 96 52.821
0 98 49.157
0 99 49.421
1 0 51.295
1 2 49.449
1 3 49.544
1 4 50.546
1 5 49.5
1 7 49.004
1 9 48.188
1 11 50.412
1 12 50.711
1 14 51.064
1 15 52.326
1 16 51.782
1 17 49.582
1 18 49.602
1 20 49.978
1 21 53.544
1 22 49.72
1 23 52.909
1 24 49.562
1 25 49.493
1 26 52.075
1 27 49.335
1 28 50.457
1 29 48.991
1 30 50.108
1 31 49.354
1 32 51.314
1 34 50.188
1 35 49.994
1 36 49.785
1 37 49.615
1 38 48.214
1 39 48.985
1 41 49.354
1 42 49.321
1 45 51.39
1 46 48.465
1 48 49.564
1 49 48.623
1 50 48.056
1 51 50.476
1 52 50.202
1 55 49.402
1 57 49.643
1 58 49.933
1 59 50.593
1 61 50.994
1 62 50.436
1 63 50.544
1 65 50.595
1 66 51.125
1 70 49.293
1 71 50.336
1 72 50.19
1 73 50.279
1 74 49.485
1 75 48.258
1 76 51.168
1 77 50.115
1 78 50.113
1 79 50.377
1 81 51.024
1 85 47.461
1 86 49.684
1 87 50.594
1 88 51.877
1 89 48.578
1 92 49.298
1 94 51.424
1 95 49.37
1 97 49.457
1 98 49.46
1 99 51.11
2 0 48.575
2 1 49.449
2 3 48.551
2 4 50.403
2 5 53.084
2 6 50.372
2 7 48.1
2 8 51.574
2 10 51.459
2 11 51.867
2 14 50.179
2 15 47.342
2 16 50.516
2 18 51.165
2 19 48.859
2 20 50.382
2 21 50.63
2 23 52.024
2 25 49.865
2 27 48.096
2 28 49.273
2 29 50.321
2 30 50.084
2 31 50.392
2 32 49.342
2 33 50.106
2 34 51.013
2 35 51.411
2 36 50.561
2 37 49.119
2 38 50.814
2 39 50.19
2 40 50.678
2 41 47.917
2 42 49.783
2 43 49.814
2 44 50.002
2 45 52.687
2 47 49.772
2 48 49.092
2 49 50.597
2 50 49.498
2 52 50.973
2 53 50.527
2 54 51.133
2 55 49.938
2 56 51.316
2 58 48.436
2 59 49.382
2 60 50.191
2 61 49.572
2 62 48.94
2 63 51.358
2 64 49.685
2 65 50.542
2 66 51.82
2 67 48.867
2 68 49.663
2 69 52.287
2 70 50.679
2 71 50.563
2 73 51.203
2 74 48.113
2 76 49.505
2 78 50.865
2 80 51.095
2 81 49.453
2 82 51.207
2 84 50.395
2 85 50.251
2 86 51.37
2 87 50.218
2 88 51.239
2 89 52.291
2 90 49.667
2 92 51.153
2 93 49.389
2 94 50.513
2 95 49.008
2 97 49.402
2 98 48.264
3 0 50.754
3 1 49.544
3 2 48.551
3 4 49.325
3 5 51.082
3 7 49.209
3 8 49.889
3 9 50.855
3 11 48.659
3 13 47.71
3 16 48.687
3 18 50.856
3 19 49.476
3 20 51.162
3 21 48.799
3 23 48.958
3 25 49.958
3 26 51.452
3 27 48.644
3 28 49.494
3 29 48.425
3 31 48.845
3 32 50.515
3 34 50.279
3 35 49.502
3 36 51.963
3 37 49.706
3 39 49.168
3 40 49.951
3 42 50.67
3 43 51.462
3 46 49.131
3 47 49.259
3 49 51.335
3 50 49.065
3 51 49.383
3 52 51.587
3 53 49.323
3 54 48.722
3 56 50.673
3 57 49.859
3 58 50.436
3 59 50.784
3 60 52.759
3 61 52.583
3 62 51.219
3 63 51.808
3 64 50.923
3 65 50.123
3 66 52.761
3 70 50.708
3 71 51.097
3 73 49.56
3 74 49.439
3 75 48.844
3 76 49.092
3 77 50.209
3 79 49.457
3 80 50.171
3 81 49.383
3 82 50.992
3 83 51.17
3 84 50.836
3 87 51.388
3 89 51.375
3 90 49.628
3 91 51.091
3 92 50.389
3 93 49.583
3 94 46.768
3 96 50.215
3 98 49.107
3 99 48.784
4 1 50.546
4 2 50.403
4 3 49.325
4 5 50.61
4 6 50.19
4 7 48.571
4 8 51.127
4 9 49.997
4 10 50.216
4 12 48.205
4 13 51.449
4 15 49.988
4 16 50.847
4 17 49.383
4 18 48.871
4 20 49.432
4 21 50.752
4 22 49.163
4 23 49.826
4 24 51.186
4 27 49.403
4 29 49.474
4 30 51.118
4 31 50.292
4 33 52.071
4 36 50.785
4 37 50.089
4 39 48.129
4 40 49.844
4 41 48.944
4 43 49.408
4 44 50.553
4 46 50.742
4 48 49.793
4 50 50.245
4 53 49.388
4 54 50.561
4 55 50.949
4 56 48.935
4 57 49.47
4 58 50.902
4 59 50.478
4 62 50.064
4 65 50.153
4 66 48.673
4 67 49.776
4 68 49.784
4 69 49.406
4 70 51.863
4 71 49.892
4 74 50.679
4 75 50.64
4 76 50.576
4 77 49.871
4 79 49.128
4 81 50.425
4 82 49.93
4 83 48.7
4 84 50.227
4 85 50.84
4 86 50.501
4 87 50.036
4 88 49.919
4 89 49.353
4 90 49.897
4 91 47.5
4 92 51.533
4 93 49.652
4 94 48.305
4 95 48.665
4 96 49.309
4 97 51.096
4 98 50.125
4 99 49.715
5 0 51.491
5 1 49.5
5 2 53.084
5 3 51.082
5 4 50.61
5 6 50.476
5 7 50.081
5 8 49.957
5 9 50.703
5 10 48.49
5 11 48.7
5 12 50.458
5 13 50.568
5 14 49.102
5 16 50.041
5 17 49.783
5 18 49.591
5 19 51.303
5 20 49.614
5 21 49.823
5 22 50.089
5 26 49.691
5 27 49.441
5 28 49.3
5 29 49.801
5 32 48.848
5 33 50.254
5 34 49.514
5 35 50.908
5 36 49.385
5 37 49.765
5 39 50.005
5 40 50.349
5 41 50.32
5 43 48.363
5 44 51.168
5 45 49.432
5 46 49.646
5 47 49.175
5 48 48.259
5 50 49.342
5 51 48.063
5 52 50.991
5 53 49.886
5 54 48.094
5 55 49.434
5 56 48.859
5 58 49.678
5 59 48.964
5 61 50.564
5 62 50.236
5 63 50.44
5 64 50.384
5 67 48.144
5 68 48.8
5 69 48.744
5 70 50.05
5 72 49.66
5 74 52.005
5 75 51.387
5 76 51.139
5 77 50.488
5 79 48.394
5 80 49.252
5 81 50.622
5 82 50.281
5 84 50.395
5 85 50.072
5 87 48.681
5 88 52.044
5 90 49.131
5 91 49.228
5 94 49.383
5 95 50.246
5 96 51.205
5 97 50.845
6 0 50.847
6 2 50.372
6 4 50.19
6 5 50.476
6 7 51.701
6 8 49.947
6 9 49.366
6 11 50.168
6 12 48.687
6 13 51.393
6 15 50.852
6 16 50.497
6 17 50.558
6 19 50.515
6 20 50.451
6 21 50.033
6 22 49.899
6 23 50.277
6 24 49.311
6 25 48.978
6 26 49.591
6 27 49.592
6 30 50.426
6 32 50.26
6 33 51.583
6 34 49.951
6 36 48.86
6 37 48.356
6 39 50.437
6 42 50.477
6 44 50.86
6 45 49.954
6 46 48.816
6 47 50.974
6 49 51.351
6 50 50.609
6 51 51.051
6 52 50.966
6 53 50.094
6 54 49.978
6 56 50.319
6 57 50.561
6 59 49.15
6 62 50.497
6 63 50.289
6 67 50.819
6 68 50.818
6 69 49.812
6 71 48.924
6 73 49.472
6 74 50.828
6 76 49.863
6 78 51.321
6 79 47.826
6 80 48.685
6 82 49.672
6 83 50.467
6 84 48.876
6 85 49.273
6 87 51.492
6 88 50.281
6 89 51.583
6 90 50.617
6 92 50.432
6 94 50.704
6 95 50.993
6 97 49.401
6 98 49.984
6 99 50.098
7 1 49.004
7 2 48.1
7 3 49.209
7 4 48.571
7 5 50.081
7 6 51.701
7 8 51.581
7 9 50.677
7 12 49.76
7 13 49.971
7 14 49.991
7 16 50.744
7 17 49.329
7 19 51.749
7 20 51.16
7 23 49.803
7 24 50.583
7 25 49.446
7 26 48.01
7 27 50.397
7 28 50.05
7 29 49.731
7 31 49.519
7 32 49.776
7 33 49.94
7 34 50.626
7 36 49.066
7 38 49.345
7 39 50.659
7 40 51.128
7 41 51.075
7 42 50.612
7 45 51.749
7 46 49.346
7 48 49.117
7 49 47.906
7 50 49.832
7 51 50.277
7 52 48.301
7 53 49.286
7 54 51.529
7 55 48.713
7 56 52.35
7 57 51.511
7 58 50.197
7 59 52.251
7 60 49.911
7 61 51.306
7 64 50.51
7 67 51.32
7 68 48.563
7 70 49.475
7 71 50.792
7 72 51.691
7 73 50.637
7 74 50.262
7 75 50.356
7 77 50.373
7 78 51.87
7 79 51.137
7 80 49.896
7 81 50.093
7 83 50.839
7 84 48.62
7 85 51.549
7 88 50.573
7 89 49.94
7 91 49.734
7 94 49.969
7 95 50.347
7 97 49.516
7 98 48.616
7 99 50.514
8 0 51.202
8 2 51.574
8 3 49.889
8 4 51.127
8 5 49.957
8 6 49.947
8 7 51.581
8 9 48.974
8 10 50.743
8 11 49.726
8 13 51.01
8 16 48.62
8 17 50.644
8 18 50.423
8 19 49.651
8 20 47.906
8 21 49.708
8 22 50.841
8 23 50.205
8 25 49.99
8 26 50.303
8 28 50.249
8 29 49.593
8 30 48.315
8 31 50.597
8 32 49.317
8 33 49.331
8 36 51.504
8 37 50.104
8 38 49.525
8 39 50.307
8 41 50.643
8 42 48.664
8 43 49.485
8 44 50.453
8 45 48.785
8 47 50.719
8 48 51.235
8 49 49.643
8 50 50.596
8 52 49.567
8 54 50.926
8 55 48.056
8 56 48.12
8 58 49.028
8 59 48.466
8 60 48.243
8 61 49.358
8 62 50.127
8 66 51.353
8 67 48.604
8 68 49.67
8 69 52.649
8 70 50.595
8 71 50.109
8 72 50.078
8 73 50.543
8 74 50.444
8 75 50.915
8 76 48.276
8 77 49.182
8 79 51.071
8 80 51.078
8 81 52.95
8 82 49.02
8 83 51.715
8 84 50.898
8 85 49.864
8 86 48.958
8 87 51.771
8 90 49.157
8 91 48.417
8 93 49.575
8 96 49.768
8 97 50.724
8 98 49.74
8 99 50.366
9 0 49.017
9 1 48.188
9 3 50.855
9 4 49.997
9 5 50.703
9 6 49.366
9 7 50.677
9 8 48.974
9 10 49.884
9 12 49.275
9 13 50.977
9 15 51.626
9 19 50.346
9 22 51.126
9 24 50.646
9 25 48.988
9 26 49.409
9 27 50.502
9 28 50.59
9 29 48.969
9 30 50.731
9 31 48.265
9 32 48.582
9 33 49.913
9 34 50.343
9 36 50.835
9 41 50.732
9 42 50.204
9 43 48.679
9 44 51.364
9 45 47.944
9 47 50.278
9 48 50.682
9 49 50.775
9 50 50.135
9 51 49.246
9 52 49.569
9 53 51.09
9 55 49.163
9 57 48.526
9 59 50.319
9 60 50.346
9 61 50.987
9 62 50.545
9 63 49.839
9 64 50.468
9 65 50.004
9 66 51.52
9 67 48.883
9 68 51.446
9 71 51.253
9 72 51.493
9 73 50.447
9 76 49.381
9 78 50.356
9 79 50.474
9 80 49.526
9 81 50.522
9 82 49.785
9 84 50.173
9 86 48.767
9 88 48.552
9 89 50.626
9 90 49.995
9 91 48.688
9 92 52.364
9 93 49.686
9 95 49.951
9 96 49.016
9 97 51.0
9 98 50.762
9 99 50.036
10 2 51.459
10 4 50.216
10 5 48.49
10 8 50.743
10 9 49.884
10 11 50.74
10 14 48.467
10 15 49.856
10 16 50.067
10 17 48.906
10 20 50.435
10 21 50.928
10 22 51.564
10 23 49.696
10 24 49.329
10 25 49.905
10 26 50.029
10 28 49.61
10 29 50.192
10 30 51.352
10 31 48.317
10 32 49.084
10 33 47.927
10 34 51.409
10 35 50.944
10 37 49.553
10 38 51.17
10 39 50.72
10 40 49.862
10 41 50.168
10 42 49.107
10 43 50.522
10 45 50.059
10 46 49.933
10 48 50.059
10 49 51.457
10 50 50.215
10 51 49.121
10 52 49.255
10 53 50.304
10 54 50.376
10 55 51.113
10 56 50.663
10 57 51.382
10 58 49.958
10 59 49.074
10 60 50.854
10 62 48.866
10 66 51.873
10 67 48.581
10 68 51.199
10 71 49.872
10 72 50.719
10 73 48.455
10 74 49.201
10 75 49.832
10 77 51.825
10 78 49.925
10 80 51.56
10 81 48.943
10 82 50.16
10 83 49.546
10 84 48.938
10 86 50.207
10 88 49.509
10 89 49.174
10 90 49.555
10 92 49.056
10 95 49.913
10 96 49.109
10 97 50.208
10 98 49.448
10 99 50.224
11 1 50.412
11 2 51.867
11 3 48.659
11 5 48.7
11 6 50.168
11 8 49.726
11 10 50.74
11 12 49.652
11 13 51.225
11 14 49.6
11 15 49.354
11 16 48.949
11 20 49.757
11 21 49.21
11 24 50.537
11 25 49.927
11 27 51.735
11 29 49.247
11 30 51.506
11 31 50.635
11 32 48.013
11 33 49.616
11 35 48.901
11 37 49.516
11 38 50.996
11 39 50.846
11 40 51.428
11 41 51.771
11 42 50.615
11 43 50.079
11 44 48.248
11 45 51.276
11 46 51.033
11 47 50.746
11 49 50.297
11 51 49.557
11 52 50.316
11 57 50.941
11 58 52.397
11 59 49.238
11 60 49.707
11 61 50.296
11 64 49.66
11 66 50.696
11 67 49.735
11 69 51.731
11 70 49.337
11 72 50.7
11 74 49.785
11 75 49.137
11 77 49.864
11 78 49.474
11 79 48.126
11 81 49.736
11 82 50.185
11 83 48.845
11 84 48.372
11 85 50.364
11 86 50.26
11 88 51.376
11 89 50.853
11 90 50.79
11 91 50.141
11 92 50.58
11 94 51.62
11 97 51.199
11 98 51.157
11 99 50.3
12 0 48.396
12 1 50.711
12 4 48.205
12 5 50.458
12 6 48.687
12 7 49.76
12 9 49.275
12 11 49.652
12 13 49.587
12 15 49.856
12 16 50.625
12 17 51.095
12 19 49.017
12 20 50.887
12 22 50.26
12 23 50.684
12 24 50.14
12 25 49.746
12 26 49.099
12 28 48.645
12 29 51.242
12 30 49.023
12 31 50.748
12 32 50.619
12 33 49.806
12 34 50.969
12 36 49.925
12 37 50.011
12 38 49.006
12 39 48.505
12 41 52.534
12 42 50.728
12 43 50.525
12 44 48.608
12 47 49.965
12 48 48.431
12 49 50.268
12 50 50.228
12 51 50.169
12 52 49.707
12 53 51.39
12 55 50.284
12 56 49.577
12 57 48.308
12 58 50.541
12 59 50.76
12 61 49.29
12 62 48.929
12 63 50.147
12 64 50.507
12 65 50.389
12 66 51.617
12 67 50.025
12 68 49.075
12 70 50.107
12 71 49.804
12 73 50.707
12 74 51.334
12 75 50.855
12 76 51.145
12 77 50.072
12 78 48.965
12 81 50.609
12 82 50.794
12 83 49.276
12 84 49.756
12 85 51.613
12 87 50.785
12 89 49.379
12 90 49.133
12 91 50.358
12 92 50.019
12 93 47.553
12 94 50.073
12 95 47.943
12 96 48.671
12 98 50.401
12 99 50.74
13 3 47.71
13 4 51.449
13 5 50.568
13 6 51.393
13 7 49.971
13 8 51.01
13 9 50.977
13 11 51.225
13 12 49.587
13 14 48.296
13 15 51.245
13 16 49.883
13 18 51.491
13 20 50.341
13 21 49.445
13 22 49.794
13 23 50.851
13 24 49.681
13 25 51.501
13 28 48.569
13 30 50.56
13 31 50.56
13 34 50.5
13 36 50.664
13 37 48.884
13 38 50.203
13 39 49.348
13 40 51.201
13 43 48.93
13 44 49.185
13 45 48.18
13 46 48.431
13 47 51.052
13 48 50.628
13 49 50.184
13 50 50.069
13 51 50.532
13 52 49.201
13 54 50.312
13 55 48.39
13 57 50.282
13 58 49.599
13 60 49.883
13 61 49.613
13 62 51.32
13 63 49.871
13 65 49.899
13 70 51.413
13 71 49.883
13 72 51.444
13 73 49.049
13 74 48.968
13 75 49.438
13 76 50.006
13 77 49.527
13 78 49.326
13 79 48.995
13 80 47.869
13 81 51.118
13 82 49.24
13 83 49.032
13 84 50.839
13 85 47.656
13 86 50.599
13 89 48.833
13 90 52.197
13 93 50.26
13 94 49.233
13 95 50.919
13 96 49.566
13 97 49.537
13 98 50.731
14 0 49.87
14 1 51.064
14 2 50.179
14 5 49.102
14 7 49.991
14 10 48.467
14 11 49.6
14 13 48.296
14 15 48.83
14 18 50.062
14 19 49.427
14 22 48.667
14 23 48.742
14 24 50.8
14 26 51.315
14 27 49.32
14 28 49.963
14 29 49.945
14 30 49.333
14 32 49.594
14 34 48.954
14 35 51.162
14 37 49.421
14 38 49.354
14 39 49.9
14 41 48.79
14 43 50.708
14 44 46.724
14 45 49.964
14 46 50.663
14 49 50.625
14 50 48.653
14 52 48.917
14 53 49.782
14 54 49.825
14 55 50.153
14 56 48.665
14 57 48.981
14 58 51.197
14 59 49.584
14 63 48.629
14 64 51.995
14 66 49.401
14 68 49.646
14 69 49.7
14 71 49.028
14 72 51.722
14 73 47.523
14 74 47.094
14 76 49.432
14 78 49.651
14 79 48.659
14 80 48.934
14 81 50.045
14 84 51.095
14 85 48.904
14 86 49.25
14 88 49.639
14 91 50.467
14 92 50.2
14 95 50.972
14 96 50.69
14 97 49.829
14 98 49.137
14 99 50.411
15 0 50.008
15 1 52.326
15 2 47.342
15 4 49.988
15 6 50.852
15 9 51.626
15 10 49.856
15 11 49.354
15 12 49.856
15 13 51.245
15 14 48.83
15 16 50.253
15 17 50.738
15 18 50.211
15 19 47.792
15 20 49.829
15 21 51.021
15 22 50.623
15 24 51.283
15 25 50.743
15 27 50.258
15 28 48.89
15 29 51.306
15 30 49.662
15 31 49.747
15 34 49.327
15 35 51.28
15 36 47.858
15 38 51.809
15 39 50.379
15 41 49.28
15 42 49.187
15 43 49.316
15 44 50.874
15 47 49.053
15 48 50.036
15 49 48.839
15 50 50.575
15 51 50.851
15 53 49.981
15 54 49.515
15 55 50.953
15 56 47.803
15 58 49.171
15 59 51.327
15 60 49.924
15 62 49.819
15 63 48.344
15 64 49.523
15 66 51.626
15 68 49.45
15 69 50.13
15 70 51.328
15 71 51.914
15 72 49.798
15 73 50.723
15 74 51.502
15 75 48.571
15 76 51.318
15 77 49.027
15 79 49.821
15 80 49.679
15 81 47.15
15 84 49.111
15 85 50.247
15 86 51.65
15 88 50.717
15 89 49.604
15 90 49.322
15 93 50.991
15 94 50.563
15 95 50.866
15 97 49.826
15 98 49.406
15 99 50.159
16 0 49.876
16 1 51.782
16 2 50.516
16 3 48.687
16 4 50.847
16 5 50.041
16 6 50.497
16 7 50.744
16 8 48.62
16 10 50.067
16 11 48.949
16 12 50.625
16 13 49.883
16 15 50.253
16 17 50.628
16 19 50.865
16 20 50.254
16 21 48.354
16 24 50.162
16 25 48.083
16 26 50.127
16 27 48.298
16 28 49.944
16 29 49.331
16 30 50.216
16 31 49.569
16 33 51.45
16 34 48.153
16 35 49.622
16 36 51.234
16 37 51.328
16 38 50.365
16 39 50.06
16 40 50.61
16 41 50.371
16 42 51.783
16 43 50.227
16 44 51.714
16 45 49.594
16 46 50.197
16 48 50.116
16 49 49.803
16 50 50.884
16 51 49.522
16 52 50.596
16 53 50.499
16 55 48.756
16 57 50.08
16 58 51.266
16 61 50.991
16 62 49.841
16 63 50.025
16 65 51.376
16 67 50.197
16 68 48.117
16 69 51.37
16 70 51.431
16 72 49.739
16 73 49.166
16 74 51.006
16 75 49.649
16 76 49.738
16 78 51.724
16 80 49.955
16 82 49.32
16 83 50.729
16 84 49.41
16 85 49.733
16 86 51.434
16 87 51.631
16 88 49.653
16 89 49.262
16 92 50.38
16 93 48.839
16 94 50.951
16 95 50.582
16 96 50.297
16 98 50.974
16 99 49.864
17 1 49.582
17 4 49.383
17 5 49.783
17 6 50.558
17 7 49.329
17 8 50.644
17 10 48.906
17 12 51.095
17 15 50.738
17 16 50.628
17 18 50.639
17 19 49.594
17 21 51.206
17 22 49.587
17 24 50.455
17 25 51.117
17 27 50.241
17 29 50.944
17 31 48.744
17 33 49.548
17 35 52.179
17 39 47.809
17 40 49.448
17 41 49.707
17 42 53.273
17 44 50.876
17 45 50.594
17 46 50.006
17 48 49.61
17 49 50.378
17 52 50.202
17 53 50.846
17 54 49.882
17 56 48.399
17 58 51.519
17 59 49.119
17 61 48.395
17 62 48.647
17 63 50.33
17 64 51.201
17 65 48.895
17 66 51.208
17 67 49.44
17 68 50.414
17 69 50.313
17 71 50.461
17 72 49.356
17 73 50.118
17 74 51.727
17 75 49.087
17 76 49.884
17 77 49.509
17 78 48.289
17 81 48.935
17 83 49.887
17 85 47.617
17 86 50.721
17 87 49.9
17 88 49.506
17 89 49.283
17 92 49.253
17 93 51.94
17 95 51.099
17 96 48.943
17 97 51.695
17 98 49.154
18 0 51.414
18 1 49.602
18 2 51.165
18 3 50.856
18 4 48.871
18 5 49.591
18 8 50.423
18 13 51.491
18 14 50.062
18 15 50.211
18 17 50.639
18 19 50.057
18 20 49.136
18 22 49.337
18 25 50.258
18 26 51.551
18 27 50.366
18 31 50.382
18 33 49.87
18 34 49.72
18 35 52.018
18 38 50.16
18 39 49.889
18 42 50.365
18 43 49.556
18 44 50.222
18 45 49.804
18 47 51.09
18 48 49.248
18 50 48.345
18 51 51.274
18 53 49.874
18 56 48.736
18 58 49.621
18 59 49.59
18 60 52.036
18 61 49.831
18 62 51.091
18 64 50.391
18 67 49.497
18 68 49.753
18 70 50.328
18 72 48.609
18 73 50.068
18 74 49.244
18 75 50.655
18 80 51.234
18 82 50.142
18 84 49.162
18 85 48.618
18 86 49.069
18 89 49.575
18 90 52.119
18 91 50.307
18 93 50.714
18 94 49.675
18 96 49.019
18 97 50.321
18 98 48.932
18 99 48.88
19 0 48.978
19 2 48.859
19 3 49.476
19 5 51.303
19 6 50.515
19 7 51.749
19 8 49.651
19 9 50.346
19 12 49.017
19 14 49.427
19 15 47.792
19 16 50.865
19 17 49.594
19 18 50.057
19 20 51.488
19 22 50.532
19 23 49.045
19 24 51.188
19 25 49.571
19 26 49.052
19 27 49.195
19 28 48.829
19 29 49.421
19 30 50.183
19 31 49.954
19 32 50.934
19 33 50.071
19 34 50.567
19 35 51.884
19 39 50.136
19 40 50.015
19 43 50.828
19 44 50.948
19 45 49.443
19 46 49.189
19 47 50.197
19 48 48.345
19 49 49.394
19 50 50.279
19 51 50.454
19 52 49.36
19 53 49.999
19 55 50.637
19 57 51.413
19 58 50.018
19 59 50.034
19 62 49.193
19 63 50.779
19 64 49.332
19 66 49.475
19 67 50.724
19 69 51.595
19 70 49.573
19 71 48.565
19 72 50.823
19 75 50.577
19 77 49.716
19 78 48.829
19 79 50.511
19 80 49.697
19 81 48.393
19 82 49.773
19 83 50.652
19 84 50.177
19 86 50.599
19 87 49.427
19 88 50.445
19 89 49.283
19 91 51.096
19 92 48.761
19 93 50.322
19 95 49.73
19 96 50.604
19 98 50.135
19 99 50.946
20 0 50.629
20 1 49.978
20 2 50.382
20 3 51.162
20 4 49.432
20 5 49.614
20 6 50.451
20 7 51.16
20 8 47.906
20 10 50.435
20 11 49.757
20 12 50.887
20 13 50.341
20 15 49.829
20 16 50.254
20 18 49.136
20 19 51.488
20 21 51.229
20 22 49.85
20 23 50.401
20 24 49.355
20 25 49.15
20 26 49.83
20 30 51.656
20 31 49.216
20 32 50.717
20 33 50.412
20 34 51.035
20 35 50.812
20 36 50.465
20 39 48.964
20 40 50.587
20 41 51.954
20 43 49.879
20 45 49.051
20 46 50.984
20 47 51.305
20 48 50.438
20 49 50.738
20 50 49.611
20 51 47.59
20 52 50.404
20 54 50.284
20 55 49.714
20 57 49.069
20 58 50.833
20 59 48.336
20 60 49.667
20 61 50.529
20 62 49.953
20 65 50.98
20 67 51.882
20 69 50.399
20 70 50.902
20 71 49.618
20 72 50.642
20 75 51.743
20 76 48.242
20 77 50.96
20 78 50.126
20 79 48.914
20 80 49.291
20 81 50.244
20 83 50.614
20 84 50.041
20 85 49.496
20 86 49.972
20 87 49.154
20 89 50.387
20 93 50.031
20 94 50.312
20 95 50.039
20 98 49.556
20 99 50.715
21 0 51.01
21 1 53.544
21 2 50.63
21 3 48.799
21 4 50.752
21 5 49.823
21 6 50.033
21 8 49.708
21 10 50.928
21 11 49.21
21 13 49.445
21 15 51.021
21 16 48.354
21 17 51.206
21 20 51.229
21 22 50.261
21 23 48.96
21 24 49.525
21 26 49.987
21 27 48.61
21 28 50.566
21 29 51.206
21 30 49.523
21 32 49.687
21 33 51.599
21 35 50.373
21 36 50.269
21 37 50.418
21 38 50.25
21 40 47.855
21 42 51.245
21 45 49.151
21 46 51.526
21 47 49.749
21 50 50.582
21 51 50.091
21 54 49.987
21 55 49.394
21 56 51.737
21 57 48.622
21 58 49.201
21 59 50.469
21 60 48.908
21 61 51.152
21 62 50.232
21 63 51.516
21 64 49.828
21 65 49.58
21 66 49.815
21 69 49.798
21 70 50.204
21 71 50.498
21 72 49.493
21 73 51.214
21 74 49.02
21 76 49.566
21 77 50.622
21 79 50.439
21 80 50.053
21 81 49.901
21 83 49.929
21 85 51.774
21 88 48.622
21 89 50.988
21 90 50.526
21 91 51.286
21 93 52.218
21 94 50.383
21 97 51.89
21 98 50.296
21 99 49.778
22 0 49.017
22 1 49.72
22 4 49.163
22 5 50.089
22 6 49.899
22 8 50.841
22 9 51.126
22 10 51.564
22 12 50.26
22 13 49.794
22 14 48.667
22 15 50.623
22 17 49.587
22 18 49.337
22 19 50.532
22 20 49.85
22 21 50.261
22 23 50.171
22 24 48.433
22 26 48.403
22 27 50.65
22 28 50.586
22 30 49.58
22 34 49.308
22 35 49.693
22 36 51.588
22 37 49.643
22 38 50.904
22 40 49.947
22 42 50.144
22 43 51.352
22 44 49.85
22 45 50.116
22 46 50.49
22 48 50.558
22 49 49.418
22 50 49.021
22 51 49.4
22 53 51.285
22 54 48.528
22 56 49.451
22 57 50.474
22 58 49.211
22 59 49.175
22 60 48.223
22 62 52.218
22 63 47.664
22 64 49.768
22 65 50.558
22 66 50.788
22 67 47.757
22 68 49.349
22 69 50.424
22 70 51.04
22 71 50.579
22 72 49.088
22 73 50.216
22 74 49.573
22 78 48.523
22 79 48.181
22 81 50.439
22 82 50.666
22 85 50.505
22 86 49.204
22 87 49.864
22 88 50.948
22 89 49.598
22 91 50.09
22 93 50.269
22 94 49.168
22 95 49.473
22 96 48.282
23 0 50.182
23 1 52.909
23 2 52.024
23 3 48.958
23 4 49.826
23 6 50.277
23 7 49.803
23 8 50.205
23 10 49.696
23 12 50.684
23 13 50.851
23 14 48.742
23 19 49.045
23 20 50.401
23 21 48.96
23 22 50.171
23 24 49.932
23 25 50.608
23 26 48.512
23 29 47.898
23 30 49.676
23 31 49.738
23 32 51.589
23 33 49.827
23 34 49.243
23 35 50.757
23 36 50.852
23 37 51.96
23 38 49.153
23 39 48.739
23 40 50.2
23 41 49.208
23 42 50.583
23 43 48.502
23 44 49.781
23 46 50.799
23 47 48.45
23 48 49.787
23 49 49.176
23 50 48.803
23 51 49.843
23 52 51.188
23 53 50.988
23 55 49.596
23 56 49.99
23 58 50.135
23 59 50.573
23 61 52.245
23 64 51.963
23 66 47.378
23 67 49.152
23 69 49.909
23 71 51.215
23 72 48.635
23 74 49.962
23 75 50.53
23 76 50.168
23 79 50.004
23 80 50.475
23 81 50.675
23 82 53.158
23 83 49.123
23 84 52.275
23 85 48.055
23 86 50.095
23 87 50.04
23 88 50.588
23 90 51.625
23 91 49.655
23 92 51.215
23 93 49.111
23 94 49.72
23 96 49.334
23 99 49.689
24 1 49.562
24 4 51.186
24 6 49.311
24 7 50.583
24 9 50.646
24 10 49.329
24 11 50.537
24 12 50.14
24 13 49.681
24 14 50.8
24 15 51.283
24 16 50.162
24 17 50.455
24 19 51.188
24 20 49.355
24 21 49.525
24 22 48.433
24 23 49.932
24 25 49.639
24 26 49.441
24 27 50.836
24 28 49.846
24 29 49.383
24 30 48.564
24 31 49.614
24 32 50.544
24 34 49.43
24 35 51.42
24 36 49.1
24 38 49.188
24 39 50.072
24 40 50.293
24 42 48.667
24 44 50.289
24 45 49.57
24 47 49.644
24 48 50.091
24 49 48.592
24 50 49.037
24 51 50.087
24 52 50.715
24 53 49.936
24 54 49.528
24 55 49.831
24 56 48.942
24 57 50.933
24 59 48.864
24 60 48.299
24 61 50.4
24 62 49.409
24 64 48.671
24 68 49.875
24 69 49.093
24 70 53.116
24 71 49.788
24 73 49.834
24 76 51.416
24 77 49.699
24 80 50.749
24 81 50.97
24 82 51.1
24 85 50.986
24 87 48.973
24 88 49.385
24 90 49.753
24 91 49.999
24 92 49.849
24 93 49.013
24 94 52.364
24 98 50.881
24 99 50.001
25 1 49.493
25 2 49.865
25 3 49.958
25 6 48.978
25 7 49.446
25 8 49.99
25 9 48.988
25 10 49.905
25 11 49.927
25 12 49.746
25 13 51.501
25 15 50.743
25 16 48.083
25 17 51.117
25 18 50.258
25 19 49.571
25 20 49.15
25 23 50.608
25 24 49.639
25 26 50.371
25 29 50.655
25 30 50.023
25 31 49.15
25 32 51.884
25 35 50.396
25 36 48.973
25 37 50.546
25 39 50.135
25 40 50.759
25 41 48.725
25 43 50.969
25 44 50.492
25 45 50.758
25 47 48.769
25 48 49.731
25 49 49.995
25 50 49.89
25 51 48.793
25 53 50.989
25 54 50.846
25 55 47.803
25 56 50.263
25 57 50.52
25 59 49.872
25 60 50.203
25 61 49.772
25 62 50.84
25 64 49.787
25 65 49.276
25 66 52.029
25 67 47.894
25 69 50.308
25 70 51.616
25 71 48.844
25 72 49.732
25 73 49.944
25 74 50.181
25 75 49.169
25 76 50.655
25 77 48.425
25 78 49.575
25 80 49.6
25 81 50.207
25 82 49.329
25 83 49.117
25 84 51.193
25 85 50.803
25 86 48.968
25 87 50.109
25 88 49.738
25 89 49.346
25 91 50.621
25 92 50.69
25 93 50.894
25 94 49.277
25 97 49.351
25 98 48.676
25 99 48.833
26 0 50.778
26 1 52.075
26 3 51.452
26 5 49.691
26 6 49.591
26 7 48.01
26 8 50.303
26 9 49.409
26 10 50.029
26 12 49.099
26 14 51.315
26 16 50.127
26 18 51.551
26 19 49.052
26 20 49.83
26 21 49.987
26 22 48.403
26 23 48.512
26 24 49.441
26 25 50.371
26 27 48.215
26 28 49.651
26 30 48.299
26 31 49.341
26 32 50.604
26 33 49.653
26 34 49.398
26 36 50.762
26 37 49.416
26 39 49.274
26 40 49.827
26 41 49.941
26 42 50.94
26 43 50.397
26 45 51.359
26 46 48.875
26 49 49.341
26 50 50.594
26 51 49.861
26 53 51.075
26 54 51.359
26 55 50.029
26 56 49.74
26 58 49.649
26 60 49.82
26 62 48.079
26 65 50.46
26 66 50.199
26 67 48.319
26 68 49.943
26 69 49.994
26 70 50.861
26 71 49.604
26 72 49.82
26 75 48.196
26 76 49.443
26 77 50.269
26 78 50.746
26 82 48.296
26 83 51.324
26 84 48.593
26 87 47.795
26 89 49.535
26 91 50.991
26 92 50.112
26 93 49.286
26 94 49.487
26 95 49.906
26 96 49.509
26 97 49.796
27 0 48.869
27 1 49.335
27 2 48.096
27 3 48.644
27 4 49.403
27 5 49.441
27 6 49.592
27 7 50.397
27 9 50.502
27 11 51.735
27 14 49.32
27 15 50.258
27 16 48.298
27 17 50.241
27 18 50.366
27 19 49.195
27 21 48.61
27 22 50.65
27 24 50.836
27 26 48.215
27 28 50.194
27 29 50.503
27 30 51.976
27 32 48.678
27 33 49.645
27 34 50.344
27 36 51.497
27 37 50.914
27 39 49.447
27 41 50.753
27 42 49.029
27 43 50.146
27 45 47.967
27 47 50.12
27 48 49.449
27 49 49.714
27 50 50.324
27 51 50.116
27 52 50.193
27 53 51.542
27 55 49.497
27 56 47.423
27 57 50.227
27 59 48.891
27 60 49.572
27 61 49.675
27 62 51.47
27 63 49.477
27 64 49.314
27 66 52.03
27 67 48.945
27 68 49.84
27 69 48.945
27 72 50.384
27 76 50.616
27 77 49.963
27 79 49.272
27 80 49.651
27 81 49.364
27 83 48.784
27 85 49.493
27 86 50.784
27 87 49.921
27 89 48.751
27 90 49.349
27 91 50.956
27 92 50.835
27 93 50.154
27 95 50.175
27 99 50.091
28 1 50.457
28 2 49.273
28 3 49.494
28 5 49.3
28 7 50.05
28 8 50.249
28 9 50.59
28 10 49.61
28 12 48.645
28 13 48.569
28 14 49.963
28 15 48.89
28 16 49.944
28 19 48.829
28 21 50.566
28 22 50.586
28 24 49.846
28 26 49.651
28 27 50.194
28 29 50.801
28 30 49.303
28 32 50.27
28 34 50.85
28 36 48.955
28 37 48.999
28 39 51.318
28 40 48.559
28 41 50.465
28 42 50.986
28 43 50.036
28 44 48.938
28 45 51.229
28 46 49.669
28 47 49.591
28 48 48.754
28 50 48.83
28 51 49.539
28 52 50.961
28 53 52.303
28 54 50.427
28 56 49.724
28 57 48.623
28 58 49.641
28 61 50.95
28 62 50.07
28 63 50.751
28 66 49.259
28 67 51.303
28 68 50.139
28 69 50.236
28 71 49.886
28 73 49.92
28 74 49.629
28 75 49.436
28 76 49.098
28 77 50.727
28 80 49.936
28 82 49.222
28 84 51.88
28 86 48.031
28 87 49.28
28 88 50.946
28 89 50.164
28 92 49.656
28 94 49.501
28 95 49.251
28 96 50.055
28 99 48.876
29 1 48.991
29 2 50.321
29 3 48.425
29 4 49.474
29 5 49.801
29 7 49.731
29 8 49.593
29 9 48.969
29 10 50.192
29 11 49.247
29 12 51.242
29 14 49.945
29 15 51.306
29 16 49.331
29 17 50.944
29 19 49.421
29 21 51.206
29 23 47.898
29 24 49.383
29 25 50.655
29 27 50.503
29 28 50.801
29 30 49.806
29 31 50.914
29 34 50.451
29 35 49.78
29 36 48.021
29 37 50.344
29 39 49.891
29 40 50.264
29 41 49.228
29 43 49.513
29 44 47.446
29 45 48.218
29 46 50.438
29 47 49.787
29 48 48.404
29 49 49.512
29 51 51.142
29 53 51.663
29 54 49.823
29 55 49.898
29 56 49.433
29 58 50.417
29 59 49.228
29 60 50.35
29 61 51.647
29 62 48.506
29 63 49.351
29 64 50.024
29 65 50.566
29 67 51.793
29 68 50.52
29 69 52.063
29 70 49.597
29 71 49.679
29 72 49.022
29 73 50.284
29 74 52.434
29 75 50.375
29 76 48.711
29 77 50.232
29 78 49.403
29 79 49.031
29 81 51.032
29 85 49.876
29 86 49.419
29 87 48.417
29 89 50.297
29 90 49.674
29 91 50.567
29 92 48.446
29 93 50.347
29 94 49.289
29 95 49.398
29 97 49.733
29 99 51.787
30 0 50.331
30 1 50.108
30 2 50.084
30 4 51.118
30 6 50.426
30 8 48.315
30 9 50.731
30 10 51.352
30 11 51.506
30 12 49.023
30 13 50.56
30 14 49.333
30 15 49.662
30 16 50.216
30 19 50.183
30 20 51.656
30 21 49.523
30 22 49.58
30 23 49.676
30 24 48.564
30 25 50.023
30 26 48.299
30 27 51.976
30 28 49.303
30 29 49.806
30 31 50.774
30 33 50.353
30 34 49.021
30 38 51.987
30 40 51.183
30 41 50.987
30 42 50.529
30 43 49.776
30 44 48.571
30 45 50.55
30 47 49.053
30 48 51.963
30 49 48.697
30 51 50.781
30 54 50.228
30 55 48.596
30 56 49.26
30 59 51.028
30 61 50.146
30 62 50.117
30 63 49.895
30 64 49.711
30 65 48.848
30 70 49.978
30 71 49.11
30 73 51.044
30 74 49.935
30 77 50.323
30 78 51.704
30 79 49.05
30 80 49.794
30 84 49.132
30 86 49.507
30 87 49.604
30 88 50.433
30 89 51.074
30 90 49.386
30 92 48.972
30 93 49.935
30 94 49.037
30 95 50.394
30 96 49.985
31 0 50.917
31 1 49.354
31 2 50.392
31 3 48.845
31 4 50.292
31 7 49.519
31 8 50.597
31 9 48.265
31 10 48.317
31 11 50.635
31 12 50.748
31 13 50.56
31 15 49.747
31 16 49.569
31 17 48.744
31 18 50.382
31 19 49.954
31 20 49.216
31 23 49.738
31 24 49.614
31 25 49.15
31 26 49.341
31 29 50.914
31 30 50.774
31 32 50.427
31 34 48.201
31 35 50.179
31 37 49.441
31 38 50.685
31 39 49.902
31 41 50.583
31 44 51.785
31 45 49.359
31 46 51.131
31 49 49.692
31 50 50.657
31 51 49.97
31 52 50.768
31 53 51.102
31 54 50.075
31 55 48.747
31 57 51.687
31 58 49.335
31 59 50.436
31 60 49.737
31 61 50.918
31 62 48.371
31 63 49.272
31 64 49.979
31 65 49.522
31 67 49.01
31 68 50.152
31 69 49.795
31 70 50.157
31 71 50.751
31 73 51.616
31 74 51.352
31 77 50.914
31 78 48.293
31 80 49.709
31 81 51.179
31 84 49.971
31 85 50.675
31 86 52.153
31 87 50.555
31 90 50.287
31 92 49.042
31 93 50.454
31 94 49.04
31 95 50.857
31 98 50.209
31 99 48.736
32 0 50.619
32 1 51.314
32 2 49.342
32 3 50.515
32 5 48.848
32 6 50.26
32 7 49.776
32 8 49.317
32 9 48.582
32 10 49.084
32 11 48.013
32 12 50.619
32 14 49.594
32 19 50.934
32 20 50.717
32 21 49.687
32 23 51.589
32 24 50.544
32 25 51.884
32 26 50.604
32 27 48.678
32 28 50.27
32 31 50.427
32 33 52.137
32 34 49.888
32 36 50.642
32 37 50.161
32 38 49.416
32 39 48.973
32 40 51.96
32 41 49.838
32 42 49.41
32 43 49.079
32 44 49.924
32 45 50.573
32 49 48.115
32 50 48.881
32 51 50.553
32 52 49.565
32 53 49.096
32 54 49.607
32 55 51.167
32 56 50.261
32 57 49.566
32 58 49.936
32 59 51.046
32 60 50.315
32 61 50.244
32 62 50.579
32 65 50.12
32 66 49.506
32 68 51.072
32 69 50.656
32 71 50.34
32 75 50.078
32 76 51.513
32 78 49.386
32 79 50.64
32 80 51.815
32 82 49.87
32 83 50.2
32 84 51.969
32 86 49.667
32 88 49.738
32 89 50.679
32 90 50.137
32 91 49.863
32 92 50.518
32 93 51.392
32 94 49.601
32 95 51.559
32 96 50.013
32 97 49.929
32 98 51.045
32 99 49.936
33 0 48.491
33 2 50.106
33 4 52.071
33 5 50.254
33 6 51.583
33 7 49.94
33 8 49.331
33 9 49.913
33 10 47.927
33 11 49.616
33 12 49.806
33 16 51.45
33 17 49.548
33 18 49.87
33 19 50.071
33 20 50.412
33 21 51.599
33 23 49.827
33 26 49.653
33 27 49.645
33 30 50.353
33 32 52.137
33 34 50.281
33 36 50.715
33 37 48.503
33 38 50.847
33 39 48.871
33 40 50.303
33 41 49.796
33 43 49.473
33 45 52.997
33 46 49.69
33 48 50.615
33 49 50.786
33 50 50.107
33 51 50.109
33 54 50.596
33 56 50.23
33 57 46.65
33 58 48.157
33 59 48.954
33 60 50.498
33 61 50.215
33 63 51.066
33 64 50.377
33 65 50.752
33 67 50.525
33 68 49.572
33 69 50.366
33 71 50.483
33 73 49.918
33 75 51.433
33 76 50.102
33 77 50.194
33 78 48.439
33 79 49.568
33 80 49.379
33 84 50.33
33 85 50.086
33 86 50.958
33 87 50.938
33 89 48.22
33 90 51.221
33 91 49.69
33 92 50.683
33 93 50.903
33 94 48.788
33 95 49.757
33 98 49.489
33 99 51.874
34 0 51.185
34 1 50.188
34 2 51.013
34 3 50.279
34 5 49.514
34 6 49.951
34 7 50.626
34 9 50.343
34 10 51.409
34 12 50.969
34 13 50.5
34 14 48.954
34 15 49.327
34 16 48.153
34 18 49.72
34 19 50.567
34 20 51.035
34 22 49.308
34 23 49.243
34 24 49.43
34 26 49.398
34 27 50.344
34 28 50.85
34 29 50.451
34 30 49.021
34 31 48.201
34 32 49.888
34 33 50.281
34 35 50.671
34 36 50.371
34 37 51.628
34 39 48.691
34 40 51.027
34 41 50.123
34 44 50.537
34 45 49.625
34 46 50.886
34 47 50.036
34 48 49.695
34 49 50.213
34 51 49.966
34 53 48.587
34 54 52.494
34 56 50.672
34 57 49.593
34 58 49.66
34 59 50.723
34 61 49.184
34 62 48.789
34 64 48.295
34 65 50.928
34 66 52.919
34 68 50.096
34 71 49.85
34 72 48.371
34 73 49.481
34 74 48.859
34 76 50.894
34 77 49.354
34 78 48.698
34 80 51.039
34 81 51.081
34 83 51.831
34 84 48.795
34 85 50.975
34 86 49.444
34 87 50.314
34 90 50.82
34 91 51.734
34 93 50.291
34 94 51.887
34 95 50.574
34 97 49.596
34 98 49.856
34 99 50.426
35 0 50.216
35 1 49.994
35 2 51.411
35 3 49.502
35 5 50.908
35 10 50.944
35 11 48.901
35 14 51.162
35 15 51.28
35 16 49.622
35 17 52.179
35 18 52.018
35 19 51.884
35 20 50.812
35 21 50.373
35 22 49.693
35 23 50.757
35 24 51.42
35 25 50.396
35 29 49.78
35 31 50.179
35 34 50.671
35 36 50.215
35 37 51.291
35 38 50.061
35 40 50.131
35 42 49.414
35 44 49.776
35 45 50.049
35 46 50.397
35 47 50.838
35 48 50.122
35 49 48.326
35 52 49.965
35 53 49.501
35 54 50.399
35 55 50.64
35 56 50.491
35 57 48.414
35 58 49.885
35 59 49.303
35 61 51.635
35 62 48.916
35 63 48.999
35 67 48.327
35 69 51.377
35 70 50.488
35 71 48.772
35 72 52.122
35 73 49.109
35 74 49.211
35 76 48.534
35 77 49.793
35 80 49.344
35 81 51.099
35 82 50.062
35 83 49.526
35 84 48.402
35 86 50.844
35 87 48.282
35 89 49.145
35 91 50.377
35 92 50.575
35 93 50.411
35 94 50.121
35 95 49.228
35 96 49.38
35 98 50.326
36 0 48.003
36 1 49.785
36 2 50.561
36 3 51.963
36 4 50.785
36 5 49.385
36 6 48.86
36 7 49.066
36 8 51.504
36 9 50.835
36 12 49.925
36 13 50.664
36 15 47.858
36 16 51.234
36 20 50.465
36 21 50.269
36 22 51.588
36 23 50.852
36 24 49.1
36 25 48.973
36 26 50.762
36 27 51.497
36 28 48.955
36 29 48.021
36 32 50.642
36 33 50.715
36 34 50.371
36 35 50.215
36 37 50.608
36 38 50.695
36 39 49.584
36 40 49.363
36 41 49.388
36 42 49.152
36 43 50.707
36 44 50.932
36 45 48.776
36 46 49.435
36 47 49.804
36 49 50.001
36 51 49.358
36 52 50.358
36 53 51.504
36 54 48.538
36 55 49.816
36 57 50.855
36 58 48.92
36 59 50.911
36 60 49.53
36 66 49.867
36 67 49.226
36 68 50.198
36 69 49.769
36 70 49.786
36 72 51.049
36 75 50.275
36 76 49.564
36 77 50.75
36 78 50.461
36 80 49.677
36 82 50.345
36 83 47.494
36 84 48.928
36 87 49.476
36 89 50.641
36 90 50.273
36 91 51.267
36 92 50.342
36 93 50.511
36 94 49.817
36 95 48.994
36 97 48.546
36 98 50.625
37 1 49.615
37 2 49.119
37 3 49.706
37 4 50.089
37 5 49.765
37 6 48.356
37 8 50.104
37 10 49.553
37 11 49.516
37 12 50.011
37 13 48.884
37 14 49.421
37 16 51.328
37 21 50.418
37 22 49.643
37 23 51.96
37 25 50.546
37 26 49.416
37 27 50.914
37 28 48.999
37 29 50.344
37 31 49.441
37 32 50.161
37 33 48.503
37 34 51.628
37 35 51.291
37 36 50.608
37 38 51.433
37 39 48.511
37 40 50.063
37 41 49.999
37 42 50.894
37 43 50.152
37 45 50.05
37 46 50.57
37 47 49.794
37 48 50.155
37 50 50.524
37 51 48.979
37 52 49.762
37 54 47.653
37 55 49.187
37 56 49.461
37 58 50.691
37 60 48.892
37 61 48.534
37 62 49.981
37 63 49.714
37 64 50.595
37 65 50.241
37 66 51.063
37 67 49.32
37 68 50.08
37 72 49.528
37 73 50.102
37 74 50.775
37 75 50.785
37 77 50.597
37 78 49.804
37 79 49.7
37 80 49.86
37 81 51.134
37 82 52.03
37 83 49.083
37 84 49.728
37 85 51.397
37 86 50.939
37 87 48.923
37 89 51.177
37 91 51.139
37 93 51.326
37 94 49.92
37 96 50.666
37 97 50.244
37 98 50.437
37 99 48.283
38 0 49.35
38 1 48.214
38 2 50.814
38 7 49.345
38 8 49.525
38 10 51.17
38 11 50.996
38 12 49.006
38 13 50.203
38 14 49.354
38 15 51.809
38 16 50.365
38 18 50.16
38 21 50.25
38 22 50.904
38 23 49.153
38 24 49.188
38 30 51.987
38 31 50.685
38 32 49.416
38 33 50.847
38 35 50.061
38 36 50.695
38 37 51.433
38 39 50.514
38 40 50.804
38 41 49.442
38 42 49.835
38 46 51.012
38 47 50.14
38 48 50.947
38 51 50.988
38 52 48.12
38 53 48.032
38 54 50.642
38 55 48.692
38 56 49.79
38 59 50.742
38 62 49.517
38 64 49.244
38 65 49.192
38 66 47.643
38 67 50.639
38 68 49.345
38 69 50.886
38 71 51.418
38 72 49.489
38 73 50.472
38 74 49.623
38 77 48.904
38 78 49.853
38 79 51.059
38 80 50.263
38 81 50.781
38 82 50.603
38 83 49.48
38 84 50.255
38 85 49.877
38 86 49.273
38 87 49.144
38 88 50.143
38 90 50.15
38 91 49.848
38 92 48.227
38 93 49.238
38 94 50.555
38 95 49.405
38 96 48.86
38 97 50.082
38 98 52.895
38 99 48.623
39 0 50.917
39 1 48.985
39 2 50.19
39 3 49.168
39 4 48.129
39 5 50.005
39 6 50.437
39 7 50.659
39 8 50.307
39 10 50.72
39 11 50.846
39 12 48.505
39 13 49.348
39 14 49.9
39 15 50.379
39 16 50.06
39 17 47.809
39 18 49.889
39 19 50.136
39 20 48.964
39 23 48.739
39 24 50.072
39 25 50.135
39 26 49.274
39 27 49.447
39 28 51.318
39 29 49.891
39 31 49.902
39 32 48.973
39 33 48.871
39 34 48.691
39 36 49.584
39 37 48.511
39 38 50.514
39 40 49.918
39 42 50.673
39 43 49.123
39 44 49.088
39 48 50.662
39 49 50.295
39 50 49.806
39 54 49.211
39 55 51.112
39 57 48.564
39 58 50.022
39 59 50.851
39 60 50.461
39 62 50.292
39 63 49.637
39 64 51.426
39 65 49.61
39 66 50.466
39 67 49.018
39 68 51.288
39 69 49.793
39 70 51.318
39 71 49.64
39 72 50.567
39 73 49.481
39 75 51.593
39 77 48.687
39 79 49.118
39 80 49.879
39 81 50.122
39 82 49.634
39 83 50.681
39 85 50.426
39 86 51.234
39 88 50.582
39 89 50.057
39 92 48.865
39 93 50.555
39 94 50.826
39 95 50.006
39 96 49.491
39 97 50.059
39 99 49.636
40 0 49.843
40 2 50.678
40 3 49.951
40 4 49.844
40 5 50.349
40 7 51.128
40 10 49.862
40 11 51.428
40 13 51.201
40 16 50.61
40 17 49.448
40 19 50.015
40 20 50.587
40 21 47.855
40 22 49.947
40 23 50.2
40 24 50.293
40 25 50.759
40 26 49.827
40 28 48.559
40 29 50.264
40 30 51.183
40 32 51.96
40 33 50.303
40 34 51.027
40 35 50.131
40 36 49.363
40 37 50.063
40 38 50.804
40 39 49.918
40 41 49.187
40 42 49.727
40 44 49.558
40 47 51.047
40 48 50.951
40 49 49.954
40 50 51.002
40 52 50.112
40 54 49.638
40 55 49.871
40 56 51.852
40 59 50.61
40 61 51.636
40 64 51.925
40 65 51.307
40 67 48.859
40 69 47.383
40 70 48.13
40 71 50.847
40 72 49.138
40 74 48.635
40 75 49.514
40 76 49.986
40 77 49.555
40 78 48.871
40 81 49.709
40 82 51.861
40 85 49.943
40 86 49.997
40 87 49.656
40 88 50.262
40 90 51.308
40 91 49.945
40 92 49.05
40 93 49.951
40 94 50.996
40 97 51.641
40 98 50.401
40 99 50.663
41 0 49.878
41 1 49.354
41 2 47.917
41 4 48.944
41 5 50.32
41 7 51.075
41 8 50.643
41 9 50.732
41 10 50.168
41 11 51.771
41 12 52.534
41 14 48.79
41 15 49.28
41 16 50.371
41 17 49.707
41 20 51.954
41 23 49.208
41 25 48.725
41 26 49.941
41 27 50.753
41 28 50.465
41 29 49.228
41 30 50.987
41 31 50.583
41 32 49.838
41 33 49.796
41 34 50.123
41 36 49.388
41 37 49.999
41 38 49.442
41 40 49.187
41 42 50.192
41 43 50.344
41 44 48.407
41 46 50.834
41 47 49.452
41 49 50.532
41 51 52.133
41 52 49.688
41 53 49.055
41 56 49.148
41 57 48.99
41 60 51.105
41 61 49.905
41 64 50.409
41 65 49.185
41 66 48.701
41 67 50.682
41 68 50.119
41 69 48.856
41 70 49.789
41 72 48.153
41 73 50.773
41 74 49.469
41 75 51.081
41 76 50.313
41 77 50.603
41 78 50.894
41 79 48.669
41 80 48.38
41 81 48.254
41 82 48.846
41 87 49.426
41 88 50.913
41 89 50.09
41 93 51.166
41 95 49.476
41 96 51.4
41 97 48.208
41 98 46.536
41 99 49.426
42 1 49.321
42 2 49.783
42 3 50.67
42 6 50.477
42 7 50.612
42 8 48.664
42 9 50.204
42 10 49.107
42 11 50.615
42 12 50.728
42 15 49.187
42 16 51.783
42 17 53.273
42 18 50.365
42 21 51.245
42 22 50.144
42 23 50.583
42 24 48.667
42 26 50.94
42 27 49.029
42 28 50.986
42 30 50.529
42 32 49.41
42 35 49.414
42 36 49.152
42 37 50.894
42 38 49.835
42 39 50.673
42 40 49.727
42 41 50.192
42 43 49.298
42 45 50.235
42 46 50.089
42 47 52.094
42 48 49.98
42 49 50.758
42 51 50.666
42 52 50.494
42 53 50.328
42 54 50.366
42 56 47.805
42 57 49.996
42 58 48.936
42 60 49.747
42 61 49.164
42 62 50.103
42 63 49.743
42 64 49.458
42 65 50.073
42 68 49.28
42 70 50.626
42 71 50.318
42 72 51.251
42 73 49.608
42 75 48.852
42 76 49.07
42 78 49.771
42 79 50.571
42 80 48.476
42 81 50.444
42 82 49.581
42 83 49.073
42 84 49.314
42 86 50.514
42 87 50.169
42 88 50.065
42 89 49.835
42 90 49.57
42 92 48.189
42 93 50.932
42 94 50.491
42 96 49.89
42 97 48.394
42 98 51.855
42 99 50.916
43 0 50.018
43 2 49.814
43 3 51.462
43 4 49.408
43 5 48.363
43 8 49.485
43 9 48.679
43 10 50.522
43 11 50.079
43 12 50.525
43 13 48.93
43 14 50.708
43 15 49.316
43 16 50.227
43 18 49.556
43 19 50.828
43 20 49.879
43 22 51.352
43 23 48.502
43 25 50.969
43 26 50.397
43 27 50.146
43 28 50.036
43 29 49.513
43 30 49.776
43 32 49.079
43 33 49.473
43 36 50.707
43 37 50.152
43 39 49.123
43 41 50.344
43 42 49.298
43 44 48.452
43 46 49.874
43 47 49.568
43 48 50.265
43 51 50.097
43 53 50.089
43 54 49.973
43 55 48.388
43 56 49.538
43 57 51.195
43 59 50.626
43 63 50.678
43 65 49.061
43 66 50.245
43 67 52.079
43 68 50.044
43 71 51.304
43 74 48.82
43 77 48.343
43 78 50.121
43 80 48.14
43 81 50.713
43 82 49.749
43 83 48.586
43 84 52.305
43 85 48.907
43 86 49.685
43 87 51.534
43 88 49.669
43 89 48.312
43 91 50.622
43 93 50.053
43 94 50.602
43 95 49.923
43 97 51.257
43 98 50.038
44 0 49.833
44 2 50.002
44 4 50.553
44 5 51.168
