100
0 47 94.832
0 62 38.54
0 45 48.607
0 76 54.695
0 56 9.83
0 96 54.418
0 35 76.236
0 67 35.012
0 75 11.401
0 25 38.605
0 29 11.291
0 94 70.433
0 72 24.025
0 88 27.516
0 36 36.37
0 1 78.636
0 9 88.969
0 48 50.998
0 86 77.093
0 15 62.057
0 38 74.111
0 43 86.017
0 61 34.316
0 71 35.231
0 17 6.277
0 32 58.794
0 0 24.642
0 90 60.891
0 81 97.869
0 63 26.855
0 69 27.736
0 52 69.965
0 95 64.68
0 27 54.65
0 78 63.682
0 89 5.667
0 11 66.429
0 12 7.482
0 50 36.182
0 22 46.295
0 21 30.641
0 28 47.635
0 33 38.122
0 31 34.504
0 80 10.739
0 77 3.501
0 6 89.129
0 8 79.956
0 97 49.778
0 93 33.31
0 64 5.585
0 37 64.187
0 23 36.422
0 2 19.439
0 99 75.207
0 4 90.405
0 58 68.287
0 14 85.846
0 3 37.215
0 55 69.977
0 42 7.831
0 41 21.827
0 59 43.805
0 34 44.402
0 87 83.44
0 65 25.54
0 66 85.683
0 73 54.151
0 46 15.632
0 5 58.614
0 13 31.011
0 53 18.545
0 30 78.852
0 82 79.391
0 79 3.139
0 19 26.699
0 44 44.318
0 57 57.836
0 54 51.296
0 60 56.49
0 68 83.765
0 20 52.935
0 49 95.182
0 84 73.99
0 24 85.747
0 16 80.611
0 26 87.631
0 51 80.417
0 74 6.895
0 7 62.215
0 10 90.767
0 91 14.148
0 98 95.541
0 85 60.099
0 18 69.314
0 83 36.896
0 39 18.094
0 92 97.202
0 40 69.551
0 70 37.559
1 56 73.229
1 18 22.156
1 66 60.71
1 33 12.266
1 95 4.021
1 70 63.715
1 7 7.59
1 19 4.946
1 67 85.303
1 88 57.93
1 15 43.543
1 59 7.655
1 72 30.719
1 26 77.309
1 34 46.326
1 12 9.596
1 5 61.677
1 29 80.136
1 38 51.612
1 31 8.111
1 24 93.403
1 68 83.265
1 37 42.33
1 73 92.201
1 98 10.56
1 60 8.794
1 41 29.942
1 92 99.454
1 21 38.686
1 79 68.088
1 10 93.668
1 96 8.897
1 46 66.396
1 94 59.432
1 87 51.589
1 90 47.865
1 16 37.154
1 71 12.724
1 0 78.636
1 83 15.393
1 86 40.026
1 17 44.002
1 75 47.197
1 65 95.383
1 14 11.873
1 74 69.671
1 77 98.158
1 27 27.479
1 25 63.531
1 93 22.016
1 44 69.582
1 45 28.739
1 8 93.907
1 97 73.851
1 23 79.838
1 99 28.715
1 53 70.226
1 40 59.926
2 29 81.859
2 35 22.117
2 96 52.145
2 2 62.0
2 44 44.049
2 74 44.231
2 4 80.882
2 61 1.131
2 32 6.055
2 76 11.686
2 25 54.445
2 33 98.64
2 57 16.26
2 53 21.569
2 6 72.533
2 69 7.934
2 85 98.984
2 11 67.126
2 7 19.417
2 20 9.038
2 86 8.395
2 94 69.942
2 3 58.905
2 27 28.918
2 56 84.776
2 92 4.796
2 18 57.391
2 39 44.811
2 48 34.616
2 55 2.097
2 17 84.425
2 10 32.492
2 79 78.455
2 52 4.449
2 83 18.308
2 75 81.607
2 26 27.538
2 9 64.372
2 14 95.733
2 84 66.255
2 0 19.439
2 98 1.782
2 91 45.124
2 47 43.501
3 38 50.795
3 5 75.338
3 89 56.456
3 97 47.22
3 40 84.619
3 22 9.28
3 45 93.592
3 12 16.47
3 96 73.221
3 91 31.736
3 39 54.332
3 26 16.937
3 73 6.755
3 20 78.685
3 55 13.932
3 70 78.185
3 87 57.084
3 31 67.436
3 44 1.711
3 34 8.555
3 72 96.77
3 0 37.215
3 7 63.079
3 90 43.122
3 71 17.252
3 65 43.42
3 54 31.585
3 76 10.726
3 79 79.304
3 77 22.279
3 10 62.767
3 6 40.434
3 18 24.675
3 43 98.934
3 19 17.654
3 92 8.031
3 93 97.598
3 59 72.187
3 36 85.847
3 52 79.972
3 64 98.631
3 95 1.412
3 28 50.879
3 83 95.419
3 33 48.763
3 85 60.663
3 53 92.6
3 84 30.996
3 25 33.822
3 60 59.652
3 37 32.859
3 8 18.219
3 15 51.283
3 16 56.634
3 32 98.905
3 2 58.905
4 49 37.55
4 30 65.226
4 52 76.21
4 42 94.578
4 2 80.882
4 35 22.41
4 32 32.697
4 17 29.785
4 98 85.649
4 69 77.802
4 90 92.224
4 15 1.011
4 44 37.862
4 20 74.486
4 99 82.957
4 89 96.247
4 60 97.243
4 62 48.79
4 87 90.418
4 53 95.349
4 83 35.454
4 18 8.099
4 38 79.655
4 27 99.506
4 61 48.617
4 40 4.736
4 14 60.778
4 39 32.728
4 0 90.405
4 94 64.559
4 48 63.153
4 26 32.852
4 51 81.062
4 92 73.674
4 56 57.618
4 77 60.109
4 66 99.966
4 50 92.799
4 95 2.516
4 19 10.025
4 5 29.487
4 36 75.064
4 28 6.199
4 71 87.653
4 76 47.413
4 55 48.732
4 97 89.864
4 21 99.474
4 58 34.256
4 63 91.771
4 59 10.425
4 45 82.407
4 67 17.053
4 88 42.295
4 16 71.66
4 81 82.069
4 31 16.996
4 84 75.512
4 22 5.622
4 11 58.795
4 43 97.443
4 57 91.123
4 6 56.784
4 37 54.597
4 12 74.565
4 64 99.866
4 24 26.876
5 19 48.453
5 73 53.809
5 17 95.999
5 96 17.449
5 69 90.587
5 99 6.829
5 86 95.419
5 51 43.343
5 66 17.003
5 54 30.261
5 74 28.516
5 16 69.516
5 12 64.361
5 7 59.921
5 43 28.088
5 47 31.201
5 60 67.569
5 26 41.176
5 76 4.372
5 11 56.079
5 93 14.654
5 48 24.117
5 28 89.469
5 79 37.291
5 82 33.807
5 22 94.703
5 62 44.589
5 88 83.613
5 0 58.614
5 46 5.187
5 52 88.277
5 20 53.712
5 68 18.681
5 3 75.338
5 25 7.227
5 31 77.008
5 41 94.952
5 90 11.977
5 71 42.155
5 38 56.262
5 81 55.401
5 91 37.896
5 64 3.321
5 33 94.211
5 61 69.601
5 4 29.487
5 49 19.797
5 23 5.259
5 27 89.8
5 13 38.713
5 57 58.265
5 98 12.664
5 1 61.677
5 58 70.422
5 63 32.91
6 28 37.483
6 71 14.729
6 51 93.65
6 0 89.129
6 80 4.942
6 15 62.883
6 41 9.161
6 94 86.082
6 4 56.784
6 89 10.626
6 42 40.213
6 32 89.073
6 52 98.338
6 75 8.956
6 62 34.38
6 10 12.326
6 84 11.695
6 35 40.939
6 16 91.092
6 90 43.54
6 33 73.32
6 70 13.761
6 7 61.855
6 18 31.365
6 98 17.844
6 82 33.781
6 68 74.488
6 55 17.785
6 64 89.496
6 2 72.533
6 57 88.875
6 3 40.434
6 66 45.92
6 60 79.356
6 44 43.392
6 78 46.022
6 13 19.861
6 72 28.296
6 97 7.603
6 31 21.713
6 81 46.203
6 25 52.711
6 36 10.767
6 67 34.85
6 54 98.53
6 50 44.594
6 21 65.457
6 49 43.324
6 27 89.137
6 26 34.886
6 30 11.949
6 8 62.659
6 23 85.354
6 85 31.729
6 87 44.633
6 86 65.348
6 77 95.653
6 92 6.388
6 47 90.282
7 37 94.796
7 66 93.156
7 52 57.207
7 21 90.963
7 81 41.846
7 6 61.855
7 46 51.698
7 27 88.706
7 32 57.364
7 9 67.021
7 15 32.927
7 11 35.712
7 23 98.631
7 64 45.207
7 49 63.616
7 3 63.079
7 12 89.934
7 96 48.431
7 85 63.863
7 8 63.149
7 75 26.599
7 39 4.871
7 22 50.228
7 45 5.512
7 55 18.983
7 92 50.244
7 33 3.09
7 2 19.417
7 65 12.231
7 93 72.925
7 10 7.733
7 29 62.741
7 31 78.06
7 36 8.229
7 43 37.796
7 18 49.967
7 30 75.058
7 97 37.7
7 70 56.59
7 13 40.519
7 86 61.998
7 90 71.842
7 35 7.438
7 0 62.215
7 54 42.794
7 24 10.085
7 51 60.577
7 91 21.648
7 58 96.966
7 72 54.297
7 19 68.563
7 94 8.493
7 68 27.82
7 28 65.633
7 42 33.993
7 5 59.921
7 56 54.305
7 47 15.09
7 60 82.588
7 16 74.821
7 34 72.397
7 88 1.129
7 38 85.983
7 50 90.204
7 74 47.393
7 98 32.901
7 59 42.904
7 80 91.561
7 83 14.225
7 44 40.619
7 1 7.59
7 95 84.014
7 78 34.657
7 25 86.06
7 7 34.081
7 20 16.616
8 31 75.378
8 10 37.49
8 87 16.482
8 52 57.111
8 11 94.913
8 74 39.543
8 39 70.799
8 42 47.843
8 8 9.769
8 46 12.627
8 86 4.199
8 43 65.042
8 44 30.638
8 15 50.275
8 60 91.713
8 35 18.338
8 94 64.251
8 34 8.958
8 83 49.372
8 73 92.929
8 97 79.232
8 6 62.659
8 14 1.792
8 98 45.101
8 45 39.202
8 7 63.149
8 84 37.643
8 68 63.423
8 17 59.592
8 91 3.205
8 93 5.848
8 20 22.489
8 99 74.264
8 78 50.855
8 75 73.348
8 30 34.969
8 67 94.319
8 25 38.635
8 33 82.699
8 62 66.335
8 28 20.889
8 70 87.104
8 18 83.867
8 79 71.041
8 37 91.975
8 1 93.907
8 63 95.16
8 49 47.071
8 27 97.314
8 77 98.745
8 32 53.45
8 0 79.956
8 57 95.551
8 59 24.812
8 12 57.24
8 16 93.296
8 61 44.001
8 3 18.219
8 81 24.34
8 29 24.585
8 58 80.724
8 71 72.756
9 26 85.609
9 89 49.396
9 73 20.676
9 19 70.282
9 25 82.289
9 54 22.124
9 48 67.615
9 77 77.335
9 47 64.282
9 52 94.21
9 80 33.766
9 93 56.311
9 34 15.174
9 68 53.997
9 75 50.235
9 39 8.992
9 81 49.246
9 88 95.674
9 42 2.798
9 97 34.856
9 40 85.938
9 70 53.174
9 11 93.092
9 79 28.081
9 2 64.372
9 64 48.226
9 99 19.453
9 37 96.999
9 72 18.791
9 85 69.753
9 67 70.611
9 13 40.983
9 61 4.704
9 24 10.399
9 20 80.586
9 23 68.162
9 7 67.021
9 43 81.264
9 74 11.865
9 86 88.31
9 31 39.063
9 82 99.611
9 22 77.887
9 69 81.405
9 62 40.351
9 16 66.474
9 95 81.495
9 28 98.95
9 15 29.806
9 10 1.858
9 50 40.787
9 53 12.702
9 44 28.681
9 33 34.64
9 21 25.959
9 46 81.934
9 96 64.346
9 45 24.85
9 38 11.742
9 0 88.969
9 92 35.98
9 76 37.045
9 17 21.151
9 59 42.973
9 51 99.655
9 14 78.502
9 41 51.936
9 90 83.089
9 83 21.677
10 15 44.574
10 50 87.628
10 9 1.858
10 52 2.148
10 53 60.736
10 59 12.442
10 7 7.733
10 11 35.487
10 65 9.441
10 27 37.484
10 90 42.354
10 95 94.325
10 97 52.024
10 32 55.132
10 40 79.813
10 47 27.625
10 36 74.305
10 60 56.818
10 0 90.767
10 39 45.435
10 42 83.553
10 3 62.767
10 87 46.222
10 17 24.696
10 55 53.223
10 51 22.838
10 62 62.867
10 16 25.379
10 66 25.962
10 28 13.328
10 14 14.049
10 8 37.49
10 22 94.454
10 93 81.707
10 44 2.628
10 91 46.674
10 80 94.838
10 46 36.144
10 81 43.838
10 35 43.429
10 19 24.121
10 63 12.981
10 2 32.492
10 58 17.897
10 10 1.874
10 61 3.658
10 1 93.668
10 89 8.24
10 23 38.061
10 83 84.037
10 6 12.326
10 56 63.633
10 99 37.374
10 31 10.081
10 41 45.425
10 33 67.817
10 64 32.954
10 68 70.95
10 25 68.444
10 98 60.724
10 37 44.14
10 73 28.677
10 20 64.301
10 49 34.488
10 12 81.431
10 79 4.21
10 26 48.667
10 88 85.975
11 39 79.174
11 51 16.55
11 89 69.62
11 8 94.913
11 2 67.126
11 99 60.516
11 45 40.552
11 49 54.481
11 92 57.358
11 15 88.557
11 68 6.746
11 81 9.484
11 57 38.082
11 5 56.079
11 88 25.428
11 63 59.004
11 16 32.738
11 14 47.309
11 20 40.598
11 82 95.716
11 93 14.224
11 84 68.983
11 10 35.487
11 0 66.429
11 56 9.848
11 23 68.145
11 64 97.635
11 95 75.935
11 76 78.295
11 69 6.17
11 85 2.275
11 26 92.986
11 52 30.573
11 28 3.373
11 62 75.249
11 4 58.795
11 9 93.092
11 25 91.95
11 67 83.062
11 78 46.656
11 35 39.18
11 96 62.001
11 17 80.532
11 98 91.014
11 41 69.852
11 75 38.968
11 7 35.712
11 30 15.756
11 59 46.553
11 87 17.355
11 22 80.521
11 32 71.577
11 55 55.991
11 50 48.998
11 37 15.107
11 18 51.597
11 24 87.416
11 94 94.375
11 42 23.103
11 83 43.078
12 4 74.565
12 84 44.844
12 38 71.418
12 69 11.096
12 30 98.996
12 85 66.996
12 0 7.482
12 35 41.027
12 29 35.422
12 45 62.027
12 72 57.659
12 47 27.099
12 92 50.403
12 89 94.799
12 81 39.868
12 50 15.538
12 17 33.816
12 22 69.267
12 14 38.88
12 62 43.645
12 99 30.216
12 52 29.451
12 42 65.722
12 3 16.47
12 79 68.938
12 71 92.448
12 18 42.824
12 96 92.656
12 90 47.397
12 98 7.079
12 20 44.467
12 61 93.536
12 10 81.431
12 40 76.1
12 88 17.163
12 23 43.117
12 73 41.974
12 58 34.012
12 32 17.852
12 13 81.302
12 7 89.934
12 91 48.539
12 1 9.596
12 83 33.437
12 8 57.24
12 59 90.944
12 66 52.347
12 55 41.607
12 57 58.917
12 33 19.394
12 48 85.228
12 5 64.361
12 54 70.742
12 44 29.395
12 86 21.406
13 15 44.563
13 37 36.641
13 84 44.465
13 23 31.759
13 54 45.121
13 94 20.763
13 41 40.438
13 82 68.305
13 42 64.848
13 64 23.814
13 22 62.136
13 24 9.176
13 49 8.612
13 58 14.671
13 93 72.444
13 46 46.942
13 33 26.462
13 9 40.983
13 28 92.082
13 34 84.956
13 95 58.58
13 19 69.645
13 77 38.48
13 68 26.922
13 40 19.495
13 75 65.546
13 63 88.17
13 14 96.559
13 89 20.045
13 35 21.79
13 91 34.846
13 71 61.86
13 85 81.005
13 44 53.937
13 76 98.708
13 16 37.637
13 72 23.004
13 21 43.492
13 97 78.444
13 27 19.043
13 48 60.769
13 80 28.54
13 67 73.452
13 38 56.912
13 43 18.476
13 31 94.611
13 7 40.519
13 83 11.707
13 6 19.861
13 30 97.18
13 99 44.438
13 69 5.487
13 5 38.713
13 26 93.884
13 39 18.173
13 56 46.799
13 88 67.03
13 73 11.459
13 20 73.48
13 12 81.302
13 0 31.011
13 61 35.336
13 18 73.069
13 36 99.788
13 51 2.199
13 98 67.612
13 52 81.225
14 56 73.31
14 67 79.823
14 79 91.642
14 9 78.502
14 77 24.69
14 42 71.137
14 2 95.733
14 75 66.549
14 33 27.371
14 31 79.177
14 15 31.856
14 63 47.15
14 68 58.854
14 74 85.24
14 16 14.079
14 70 81.988
14 1 11.873
14 11 47.309
14 4 60.778
14 40 66.154
14 17 28.061
14 8 1.792
14 89 37.954
14 36 47.026
14 62 3.477
14 65 80.285
14 25 26.402
14 92 21.762
14 21 41.561
14 95 45.971
14 87 79.193
14 83 74.649
14 66 37.73
14 71 34.03
14 45 96.956
14 96 32.351
14 12 38.88
14 90 73.367
14 72 9.806
14 20 93.658
14 48 53.398
14 35 6.804
14 23 90.177
14 85 49.342
14 14 73.477
14 52 79.039
14 43 79.831
14 13 96.559
14 99 37.943
14 39 52.64
14 0 85.846
14 38 39.888
14 64 83.693
14 93 53.104
14 50 90.963
14 91 45.221
14 94 28.695
14 24 78.587
14 29 55.924
14 10 14.049
14 98 47.115
14 46 2.599
15 96 65.038
15 26 24.825
15 92 31.745
15 45 76.713
15 30 8.077
15 67 85.99
15 97 82.474
15 9 29.806
15 33 18.762
15 70 23.356
15 8 50.275
15 29 89.681
15 69 65.332
15 89 3.278
15 38 44.155
15 24 42.621
15 16 17.158
15 14 31.856
15 82 47.795
15 32 45.39
15 6 62.883
15 19 76.863
15 3 51.283
15 98 3.882
15 50 19.758
15 99 48.994
15 0 62.057
15 39 16.238
15 42 54.725
15 4 1.011
15 34 36.681
15 77 75.898
15 25 29.331
15 13 44.563
15 15 22.109
15 7 32.927
15 72 66.838
15 91 52.791
15 31 73.527
15 68 69.994
15 28 86.538
15 40 10.066
15 10 44.574
15 54 14.338
15 56 14.711
15 41 94.761
15 75 14.843
15 11 88.557
15 61 78.179
15 90 44.759
15 62 24.508
15 27 93.068
15 57 11.816
15 76 33.182
15 85 27.059
15 64 77.547
15 58 40.353
15 20 73.11
15 78 52.778
15 1 43.543
15 55 71.312
16 3 56.634
16 25 93.795
16 92 31.916
16 29 71.511
16 45 1.893
16 32 32.037
16 39 46.823
16 34 21.799
16 13 37.637
16 27 77.141
16 1 37.154
16 84 5.506
16 81 79.778
16 65 66.65
16 70 41.311
16 54 23.259
16 9 66.474
16 75 51.388
16 57 56.845
16 78 65.191
16 59 17.95
16 51 77.134
16 26 7.208
16 14 14.079
16 6 91.092
16 60 88.036
16 63 92.409
16 21 52.552
16 4 71.66
16 49 28.94
16 73 22.181
16 36 59.316
16 0 80.611
16 33 38.622
16 38 34.257
16 66 22.173
16 44 87.361
16 43 18.613
16 16 19.532
16 98 4.452
16 48 39.983
16 15 17.158
16 62 90.122
16 5 69.516
16 55 95.888
16 22 80.447
16 10 25.379
16 11 32.738
16 40 30.534
16 50 6.212
16 8 93.296
16 7 74.821
16 69 91.652
16 56 55.228
16 77 73.913
16 87 58.833
16 91 67.586
17 53 53.648
17 54 45.589
17 42 10.507
17 27 88.966
17 2 84.425
17 25 32.08
17 51 89.921
17 84 19.023
17 21 75.563
17 8 59.592
17 49 59.234
17 19 33.351
17 93 91.323
17 88 73.273
17 83 53.457
17 85 84.399
17 47 27.964
17 12 33.816
17 39 32.66
17 75 62.116
17 41 98.355
17 9 21.151
17 79 94.315
17 64 19.244
17 24 80.325
17 17 33.928
17 70 53.812
17 50 26.472
17 18 49.666
17 31 25.656
17 71 92.593
17 58 16.944
17 76 23.75
17 20 4.988
17 11 80.532
17 52 26.681
17 14 28.061
17 5 95.999
17 38 72.456
17 1 44.002
17 40 76.791
17 99 74.235
17 89 51.341
17 72 63.308
17 29 64.241
17 10 24.696
17 95 13.092
17 92 1.553
17 35 6.839
17 82 85.884
17 34 68.164
17 45 64.281
17 78 22.415
17 4 29.785
17 60 82.042
17 33 24.339
17 81 37.586
17 94 70.076
17 91 86.978
17 44 91.946
17 66 81.935
17 32 25.436
17 90 29.429
17 0 6.277
17 46 64.473
17 67 6.291
17 98 98.274
17 96 3.82
18 55 36.18
18 97 2.918
18 48 74.679
18 4 8.099
18 57 24.527
18 93 42.262
18 83 46.698
18 51 89.647
18 0 69.314
18 49 54.84
18 80 78.26
18 28 12.148
18 40 37.416
18 3 24.675
18 33 3.611
18 37 81.948
18 24 27.051
18 27 25.443
18 73 92.448
18 44 5.25
18 60 98.511
18 98 45.115
18 76 81.544
18 99 92.191
18 34 98.875
18 65 74.221
18 13 73.069
18 39 86.753
18 29 47.341
18 11 51.597
18 58 15.434
18 78 92.285
18 66 29.713
18 87 51.283
18 89 62.446
18 20 22.903
18 18 79.308
18 79 62.585
18 52 33.028
18 23 20.778
18 8 83.867
18 31 77.008
18 2 57.391
18 7 49.967
18 75 85.753
18 12 42.824
18 59 28.133
18 17 49.666
18 68 75.077
18 42 66.882
18 50 86.727
18 1 22.156
18 43 4.089
18 67 86.904
18 86 27.127
18 35 23.54
18 91 25.337
18 6 31.365
18 63 15.002
18 95 95.141
19 89 80.16
19 44 26.448
19 52 97.288
19 95 15.083
19 23 84.271
19 78 44.181
19 66 47.253
19 20 69.73
19 3 17.654
19 9 70.282
19 61 5.229
19 28 88.98
19 46 74.6
19 24 18.59
19 99 64.518
19 13 69.645
19 83 27.631
19 17 33.351
19 7 68.563
19 90 31.712
19 68 26.025
19 67 60.948
19 84 51.316
19 82 18.549
19 74 55.101
19 70 49.55
19 19 21.366
19 88 30.5
19 31 70.771
19 4 10.025
19 26 59.903
19 97 89.011
19 29 17.788
19 5 48.453
19 65 1.06
19 94 41.311
19 33 49.942
19 1 4.946
19 57 26.531
19 10 24.121
19 98 77.036
19 35 82.005
19 75 14.044
19 85 75.449
19 69 54.187
19 45 73.917
19 30 25.597
19 86 62.263
19 15 76.863
19 34 6.582
19 0 26.699
19 51 83.869
19 87 2.923
19 64 44.577
19 32 43.114
19 72 82.717
19 27 43.054
19 63 57.771
19 91 67.625
19 49 79.963
20 47 76.532
20 36 42.136
20 4 74.486
20 18 22.903
20 40 98.048
20 11 40.598
20 54 5.489
20 9 80.586
20 7 16.616
20 84 5.691
20 89 3.947
20 91 35.361
20 14 93.658
20 22 62.215
20 70 19.479
20 2 9.038
20 68 40.107
20 31 36.01
20 44 27.688
20 12 44.467
20 34 84.95
20 19 69.73
20 76 50.389
20 56 35.117
20 86 18.505
20 97 19.89
20 5 53.712
20 33 6.354
20 78 78.672
20 15 73.11
20 13 73.48
20 35 7.349
20 25 15.9
20 60 88.27
20 73 83.547
20 99 45.466
20 21 33.387
20 51 7.238
20 79 1.539
20 53 36.876
20 46 58.475
20 20 41.154
20 95 74.089
20 3 78.685
20 17 4.988
20 28 24.66
20 26 56.236
20 0 52.935
20 90 58.466
20 85 1.369
20 42 13.181
20 8 22.489
20 62 55.167
20 27 69.685
20 93 22.534
20 57 91.5
20 58 75.492
20 98 12.18
20 45 72.874
20 72 60.128
20 74 27.371
20 10 64.301
20 59 4.059
20 77 95.915
20 64 29.199
20 81 36.56
21 42 94.953
21 87 16.482
21 37 14.819
21 29 54.383
21 90 37.043
21 28 34.876
21 71 31.884
21 4 99.474
21 52 40.053
21 9 25.959
21 92 69.754
21 54 23.32
21 91 78.236
21 62 53.038
21 72 12.701
21 64 46.263
21 69 76.254
21 6 65.457
21 7 90.963
21 81 97.405
21 96 94.529
21 95 86.818
21 45 92.608
21 65 38.429
21 74 33.999
21 58 42.728
21 76 74.265
21 79 51.052
21 73 34.109
21 38 60.316
21 49 64.252
21 40 96.728
21 84 65.837
21 43 67.123
21 44 24.02
21 61 22.559
21 34 2.041
21 16 52.552
21 0 30.641
21 46 23.137
21 32 66.017
21 13 43.492
21 33 34.945
21 89 30.333
21 57 36.139
21 78 51.512
21 26 93.71
21 36 36.281
21 20 33.387
21 48 66.029
21 14 41.561
21 17 75.563
21 1 38.686
21 60 65.198
21 88 23.159
21 77 73.427
21 99 90.543
21 59 60.664
22 89 29.171
22 61 39.796
22 42 10.903
22 81 71.374
22 40 32.237
22 79 10.803
22 44 63.671
22 88 11.476
22 63 53.33
22 27 60.847
22 94 82.682
22 70 78.998
22 9 77.887
22 80 48.21
22 73 46.595
22 90 84.094
22 69 38.901
22 45 26.67
22 7 50.228
22 97 4.885
22 32 69.553
22 13 62.136
22 76 74.674
22 87 89.928
22 11 80.521
22 16 80.447
22 4 5.622
22 77 4.581
22 58 29.956
22 38 95.508
22 20 62.215
22 39 6.293
22 78 70.0
22 12 69.267
22 47 11.576
22 41 87.516
22 3 9.28
22 56 45.038
22 62 24.811
22 65 33.582
22 46 54.982
22 5 94.703
22 28 50.568
22 68 93.438
22 10 94.454
22 22 56.179
22 29 72.029
22 0 46.295
22 25 83.857
22 85 8.633
22 98 1.408
22 86 41.147
22 30 63.988
22 26 48.952
22 92 89.683
23 43 7.293
23 52 76.533
23 11 68.145
23 56 82.312
23 57 94.851
23 45 36.761
23 33 78.979
23 66 20.454
23 88 57.998
23 67 50.143
23 55 58.738
23 0 36.422
23 25 99.687
23 31 57.416
23 63 53.858
23 19 84.271
23 37 93.823
23 61 81.803
23 27 33.376
23 82 54.632
23 5 5.259
23 78 62.695
23 42 39.767
23 51 39.254
23 68 15.098
23 10 38.061
23 75 8.969
23 41 18.583
23 87 13.427
23 18 20.778
23 7 98.631
23 76 85.647
23 49 28.056
23 90 90.517
23 29 30.507
23 6 85.354
23 1 79.838
23 84 43.32
23 14 90.177
23 9 68.162
23 54 28.837
23 89 92.507
23 85 89.769
23 50 99.018
23 69 5.982
23 91 14.367
23 98 53.52
23 65 36.779
23 12 43.117
23 70 91.216
23 13 31.759
23 96 28.711
24 34 48.715
24 94 1.423
24 26 90.46
24 37 82.99
24 97 49.816
24 98 33.749
24 82 90.272
24 84 93.648
24 54 80.927
24 88 35.989
24 49 33.585
24 85 66.612
24 48 89.805
24 32 62.123
24 90 51.476
24 42 40.145
24 19 18.59
24 53 90.994
24 57 5.733
24 18 27.051
24 15 42.621
24 73 81.583
24 7 10.085
24 44 16.359
24 86 92.663
24 68 63.208
24 41 91.395
24 74 11.477
24 60 36.18
24 24 39.299
24 93 50.241
24 30 90.37
24 43 98.978
24 83 4.794
24 9 10.399
24 11 87.416
24 47 40.854
24 25 52.377
24 95 57.177
24 1 93.403
24 17 80.325
24 66 78.548
24 76 99.314
24 0 85.747
24 80 69.922
24 77 78.885
24 38 92.098
24 92 35.165
24 79 97.017
24 4 26.876
24 78 47.888
24 13 9.176
24 14 78.587
24 58 80.072
24 35 81.368
24 72 15.029
25 86 52.911
25 67 44.255
25 10 68.444
25 48 31.955
25 87 10.348
25 90 33.885
25 20 15.9
25 25 12.497
25 51 47.062
25 14 26.402
25 94 16.153
25 97 28.416
25 55 70.385
25 7 86.06
25 30 56.814
25 65 66.492
25 34 70.832
25 84 99.047
25 56 48.613
25 29 43.435
25 82 31.003
25 54 68.71
25 41 29.856
25 43 23.37
25 40 61.905
25 79 40.605
25 27 28.783
25 1 63.531
25 24 52.377
25 53 20.08
25 77 13.622
25 32 52.811
25 69 6.694
25 17 32.08
25 3 33.822
25 92 67.523
25 91 77.57
25 22 83.857
25 0 38.605
25 6 52.711
25 15 29.331
25 9 82.289
25 8 38.635
25 99 58.116
25 74 3.553
25 37 66.45
25 89 61.527
25 33 24.832
25 78 31.731
25 57 95.863
25 5 7.227
25 98 43.309
25 16 93.795
25 70 62.834
25 81 63.454
25 61 97.993
25 23 99.687
25 2 54.445
25 35 92.195
25 11 91.95
25 52 19.441
25 49 55.949
25 31 55.056
25 80 51.942
26 91 23.908
26 33 56.697
26 93 83.77
26 20 56.236
26 1 77.309
26 64 84.877
26 27 21.973
26 10 48.667
26 86 48.657
26 41 9.492
26 19 59.903
26 78 24.851
26 73 16.369
26 31 54.454
26 32 62.445
26 59 98.856
26 88 86.192
26 0 87.631
26 16 7.208
26 81 18.183
26 90 56.626
26 68 39.806
26 39 75.043
26 21 93.71
26 44 56.701
26 70 67.951
26 52 74.768
26 99 9.198
26 95 2.07
26 3 16.937
26 37 34.897
26 2 27.538
26 42 41.813
26 28 89.621
26 65 88.478
26 89 62.393
26 87 93.836
26 50 27.282
26 24 90.46
26 11 92.986
26 22 48.952
26 76 5.515
26 58 95.969
26 55 46.128
26 77 17.124
26 69 92.922
26 56 32.992
26 35 68.786
26 57 22.831
26 5 41.176
26 15 24.825
26 97 26.753
26 9 85.609
26 96 14.437
26 45 37.748
26 53 49.55
26 80 91.134
26 6 34.886
26 84 92.0
26 13 93.884
26 94 19.104
26 75 79.834
26 46 2.102
26 4 32.852
27 10 37.484
27 92 31.41
27 64 91.506
27 76 96.54
27 70 70.833
27 8 97.314
27 80 99.008
27 84 84.332
27 74 13.021
27 98 40.124
27 15 93.068
27 45 93.076
27 4 99.506
27 20 69.685
27 36 34.996
27 66 14.769
27 85 18.336
27 95 10.817
27 59 54.512
27 44 85.538
27 0 54.65
27 91 97.695
27 60 74.43
27 83 27.287
27 99 75.095
27 97 70.459
27 57 1.684
27 55 12.951
27 16 77.141
27 32 34.619
27 19 43.054
27 93 59.393
27 96 1.315
27 26 21.973
27 46 5.451
27 52 21.395
27 89 5.116
27 87 93.129
27 75 64.239
27 47 70.689
27 13 19.043
27 22 60.847
27 42 22.495
27 53 50.76
27 35 27.726
27 25 28.783
27 90 15.929
27 30 44.375
27 88 93.199
27 2 28.918
27 18 25.443
27 40 97.676
27 41 72.731
27 1 27.479
27 81 94.87
27 7 88.706
27 5 89.8
27 17 88.966
27 33 19.93
27 6 89.137
27 71 63.634
27 51 86.124
27 23 33.376
27 58 89.26
27 69 35.973
28 68 61.585
28 15 86.538
28 55 94.433
28 92 49.321
28 29 50.008
28 0 47.635
28 75 75.547
28 31 93.876
28 7 65.633
28 89 56.533
28 19 88.98
28 13 92.082
28 22 50.568
28 56 3.073
28 48 20.226
28 64 1.901
28 18 12.148
28 98 82.954
28 96 25.791
28 67 1.421
28 21 34.876
28 71 39.569
28 8 20.889
28 94 17.194
28 32 69.86
28 33 73.59
28 79 82.679
28 47 41.571
28 51 11.584
28 6 37.483
28 90 24.367
28 53 20.681
28 58 46.659
28 44 97.622
28 42 36.03
28 97 56.27
28 37 63.906
28 9 98.95
28 36 50.444
28 10 13.328
28 99 74.617
28 40 53.152
28 74 6.688
28 54 36.251
28 3 50.879
28 72 28.235
28 59 34.762
28 26 89.621
28 57 80.904
28 4 6.199
28 95 71.96
28 20 24.66
28 45 46.116
28 11 3.373
28 34 55.698
28 5 89.469
28 84 9.035
28 50 28.732
28 83 54.284
28 61 25.677
28 91 41.426
28 38 47.616
28 87 82.715
29 38 71.965
29 64 58.255
29 15 89.681
29 21 54.383
29 55 75.739
29 92 60.9
29 81 1.375
29 31 44.268
29 59 80.371
29 44 63.18
29 35 18.134
29 65 19.09
29 33 41.357
29 98 2.737
29 42 64.618
29 30 89.631
29 43 82.494
29 14 55.924
29 2 81.859
29 93 91.771
29 23 30.507
29 72 88.404
29 25 43.435
29 60 49.752
29 8 24.585
29 88 29.802
29 17 64.241
29 52 20.543
29 37 39.897
29 29 53.647
29 0 11.291
29 62 74.58
29 22 72.029
29 54 42.525
29 75 44.324
29 58 82.44
29 67 56.567
29 77 22.29
29 82 99.228
29 50 47.76
29 69 44.51
29 19 17.788
29 90 73.06
29 46 76.709
29 7 62.741
29 51 34.046
29 96 37.606
29 74 46.207
29 56 54.319
29 87 7.766
29 16 71.511
29 12 35.422
29 28 50.008
29 84 87.147
29 71 90.843
29 36 51.454
29 18 47.341
29 1 80.136
29 85 60.366
29 86 14.381
29 48 85.842
29 91 36.952
29 89 46.61
29 40 92.653
30 96 65.173
30 76 34.48
30 12 98.996
30 59 55.418
30 47 35.668
30 73 72.814
30 57 39.078
30 87 53.717
30 54 18.327
30 15 8.077
30 62 30.797
30 29 89.631
30 68 2.015
30 35 4.962
30 85 51.656
30 56 61.579
30 61 61.75
30 44 78.038
30 95 69.124
30 36 78.81
30 98 55.727
30 19 25.597
30 86 18.645
30 32 10.105
30 70 27.633
30 22 63.988
30 94 88.397
30 99 88.188
30 77 33.952
30 13 97.18
30 37 74.652
30 6 11.949
30 0 78.852
30 25 56.814
30 30 34.169
30 27 44.375
30 24 90.37
30 82 81.098
30 49 85.292
30 93 23.79
30 51 96.65
30 7 75.058
30 38 49.834
30 65 11.915
30 42 9.687
30 89 92.654
30 78 60.558
30 39 96.511
30 8 34.969
30 72 1.086
30 90 29.357
30 97 50.894
30 92 85.054
30 11 15.756
30 4 65.226
30 63 65.565
31 78 28.719
31 7 78.06
31 33 99.018
31 18 77.008
31 66 93.221
31 19 70.771
31 45 36.494
31 89 56.908
31 64 45.037
31 8 75.378
31 6 21.713
31 47 42.754
31 39 50.554
31 70 99.258
31 29 44.268
31 88 24.837
31 14 79.177
31 17 25.656
31 42 76.033
31 92 32.112
31 80 19.206
31 71 9.2
31 73 39.056
31 57 42.187
31 32 27.161
31 96 56.117
31 95 16.759
31 43 54.335
31 55 47.297
31 15 73.527
31 79 79.738
31 85 24.653
31 56 84.229
31 94 59.247
31 44 35.256
31 59 86.805
31 68 41.594
31 28 93.876
31 41 21.039
31 61 68.509
31 26 54.454
31 40 10.293
31 5 77.008
31 4 16.996
31 98 25.194
31 13 94.611
31 20 36.01
31 99 4.875
31 0 34.504
31 91 99.599
31 9 39.063
31 83 40.94
31 23 57.416
31 51 52.166
31 3 67.436
31 10 10.081
31 53 54.335
31 48 66.524
31 62 72.175
31 1 8.111
31 31 45.529
31 82 60.229
31 87 97.088
31 58 13.488
31 77 95.122
31 25 55.056
32 60 63.705
32 39 79.446
32 34 63.65
32 54 12.017
32 91 50.537
32 52 52.024
32 73 10.251
32 66 86.269
32 17 25.436
32 85 70.165
32 93 25.779
32 74 54.584
32 90 51.63
32 99 68.6
32 72 57.773
32 53 77.127
32 11 71.577
32 69 38.024
32 94 73.507
32 22 69.553
32 57 71.501
32 68 24.221
32 26 62.445
32 12 17.852
32 16 32.037
32 36 22.956
32 76 81.928
32 41 56.073
32 64 93.925
32 50 43.675
32 19 43.114
32 58 56.137
32 2 6.055
32 0 58.794
32 59 53.708
32 21 66.017
32 95 81.365
32 30 10.105
32 25 52.811
32 45 95.681
32 92 12.814
32 28 69.86
32 24 62.123
32 3 98.905
32 15 45.39
32 42 42.339
32 8 53.45
32 7 57.364
32 31 27.161
32 6 89.073
32 81 85.408
32 67 51.094
32 27 34.619
32 75 27.088
32 10 55.132
32 71 54.584
32 62 56.18
32 4 32.697
33 75 80.807
33 7 3.09
33 78 28.32
33 50 3.172
33 9 34.64
33 77 57.325
33 62 52.543
33 13 26.462
33 23 78.979
33 47 61.487
33 64 63.863
33 3 48.763
33 68 97.962
33 69 72.102
33 95 65.456
33 76 15.288
33 35 33.565
33 99 52.615
33 21 34.945
33 63 81.07
33 14 27.371
33 17 24.339
33 8 82.699
33 15 18.762
33 65 30.021
33 49 49.531
33 73 71.421
33 6 73.32
33 56 93.825
33 67 42.223
33 27 19.93
33 83 37.818
33 0 38.122
33 51 34.057
33 54 36.463
33 97 41.474
33 2 98.64
33 70 76.214
33 10 67.817
33 90 44.991
33 42 99.824
33 38 15.388
33 5 94.211
33 16 38.622
33 26 56.697
33 18 3.611
33 1 12.266
33 74 74.271
33 80 62.296
33 25 24.832
33 29 41.357
33 28 73.59
33 59 19.897
33 12 19.394
33 19 49.942
33 43 87.467
33 89 77.286
33 34 86.369
33 20 6.354
33 85 48.095
33 94 48.95
33 31 99.018
33 66 27.491
33 84 27.873
34 98 71.585
34 41 33.802
34 89 49.52
34 43 69.201
34 76 45.096
34 67 64.909
34 28 55.698
34 21 2.041
34 1 46.326
34 86 4.912
34 16 21.799
34 75 21.128
34 15 36.681
34 69 65.412
34 96 35.185
34 85 44.524
34 38 79.088
34 44 41.167
34 17 68.164
34 82 87.284
34 90 7.191
34 9 15.174
34 61 94.888
34 25 70.832
34 62 93.604
34 0 44.402
34 83 78.257
34 32 63.65
34 7 72.397
34 73 12.813
34 80 49.579
34 88 8.362
34 57 30.306
34 33 86.369
34 19 6.582
34 50 67.573
34 53 86.457
34 94 41.728
34 24 48.715
34 20 84.95
34 68 78.693
34 48 34.233
34 87 3.763
34 72 19.673
34 59 49.053
34 66 96.81
34 54 28.479
34 45 55.482
34 49 60.83
34 18 98.875
34 70 65.311
34 3 8.555
34 35 63.765
34 81 24.269
34 97 50.131
34 8 8.958
34 55 76.805
34 58 80.892
34 13 84.956
34 39 9.848
35 41 58.092
35 11 39.18
35 69 11.387
35 34 63.765
35 7 7.438
35 60 35.843
35 0 76.236
35 55 23.939
35 77 73.136
35 20 7.349
35 2 22.117
35 52 39.424
35 4 22.41
35 66 57.135
35 26 68.786
35 30 4.962
35 54 96.437
35 25 92.195
35 13 21.79
35 18 23.54
35 73 27.77
35 29 18.134
35 17 6.839
35 10 43.429
35 98 82.279
35 48 68.725
35 37 46.201
35 89 13.113
35 67 18.067
35 83 12.469
35 56 44.421
35 95 99.888
35 12 41.027
35 36 9.815
35 6 40.939
35 45 56.032
35 24 81.368
35 72 85.235
35 14 6.804
35 87 91.487
35 90 11.626
35 96 40.483
35 76 9.945
35 86 99.204
35 94 33.871
35 19 82.005
35 51 28.603
35 81 73.587
35 27 27.726
35 93 8.831
35 59 85.487
35 42 42.283
35 53 23.947
35 61 21.194
35 75 22.071
35 62 29.403
35 74 53.982
35 35 9.011
35 85 74.515
35 8 18.338
35 57 98.415
35 63 3.367
35 33 33.565
35 58 89.283
36 13 99.788
36 30 78.81
36 39 83.529
36 93 2.989
36 0 36.37
36 4 75.064
36 89 28.958
36 68 39.351
36 10 74.305
36 6 10.767
36 97 4.117
36 50 81.162
36 71 4.842
36 14 47.026
36 74 20.695
36 56 44.81
36 87 70.484
36 98 59.701
36 42 98.787
36 77 22.651
36 47 59.583
36 75 49.72
36 64 89.25
36 70 97.48
36 3 85.847
36 38 84.818
36 16 59.316
36 46 58.639
36 78 23.572
36 62 50.333
36 69 67.347
36 67 24.94
36 76 2.642
36 28 50.444
36 32 22.956
36 55 16.683
36 80 95.108
36 45 99.235
36 54 77.313
36 29 51.454
36 94 46.19
36 36 16.321
36 53 35.304
36 20 42.136
36 21 36.281
36 35 9.815
36 95 12.196
36 85 5.305
36 27 34.996
36 7 8.229
36 73 57.572
37 21 14.819
37 55 19.974
37 9 96.999
37 0 64.187
37 70 73.185
37 23 93.823
37 18 81.948
37 65 79.964
37 30 74.652
37 41 36.305
37 43 56.312
37 1 42.33
37 64 8.41
37 99 68.662
37 53 83.638
37 28 63.906
37 62 26.936
37 29 39.897
37 97 23.396
37 13 36.641
37 77 47.123
37 69 76.309
37 44 89.438
37 80 67.984
37 78 65.547
37 90 5.373
37 94 63.045
37 39 95.166
37 7 94.796
37 25 66.45
37 8 91.975
37 72 4.634
37 67 87.089
37 61 41.544
37 10 44.14
37 73 29.007
37 47 18.03
37 82 63.937
37 79 19.357
37 81 46.329
37 35 46.201
37 24 82.99
37 42 4.307
37 63 50.18
37 3 32.859
37 91 56.514
37 45 37.182
37 93 57.527
37 26 34.897
37 60 20.959
37 87 97.386
37 4 54.597
37 83 54.643
37 88 23.454
37 56 2.538
37 11 15.107
37 76 87.682
37 84 4.55
38 53 46.609
38 15 44.155
38 73 32.15
38 29 71.965
38 82 35.486
38 94 47.269
38 91 59.014
38 24 92.098
38 12 71.418
38 71 62.112
38 95 52.487
38 84 50.753
38 63 64.846
38 45 53.099
38 83 75.631
38 48 44.73
38 88 29.201
38 92 94.201
38 55 74.905
38 4 79.655
38 21 60.316
38 5 56.262
38 67 53.636
38 33 15.388
38 66 77.68
38 1 51.612
38 59 17.182
38 9 11.742
38 76 4.306
38 36 84.818
38 17 72.456
38 7 85.983
38 96 32.224
38 42 74.163
38 61 84.371
38 49 11.794
38 40 43.466
38 14 39.888
38 89 12.279
38 69 88.458
38 70 21.374
38 28 47.616
38 3 50.795
38 30 49.834
38 0 74.111
38 65 60.084
38 72 50.438
38 34 79.088
38 22 95.508
38 99 91.041
38 54 94.719
38 98 80.056
38 13 56.912
38 16 34.257
38 80 32.026
38 87 58.079
38 62 56.448
38 78 61.668
39 81 5.122
39 82 13.313
39 65 85.785
39 36 83.529
39 32 79.446
39 31 50.554
39 8 70.799
39 58 93.966
39 9 8.992
39 84 41.433
39 67 16.371
39 22 6.293
39 90 42.429
39 46 52.833
39 56 74.041
39 91 93.236
39 71 84.704
39 61 81.16
39 87 48.967
39 72 22.598
39 75 95.006
39 76 50.66
39 88 65.108
39 11 79.174
39 14 52.64
39 16 46.823
39 59 35.97
39 40 14.86
39 18 86.753
39 68 92.107
39 30 96.511
39 85 64.353
39 3 54.332
39 34 9.848
39 17 32.66
39 49 97.935
39 0 18.094
39 43 1.225
39 26 75.043
39 74 46.53
39 98 91.685
39 97 63.758
39 41 59.044
39 37 95.166
39 66 63.665
39 50 24.172
39 10 45.435
39 64 83.689
39 47 32.533
39 7 4.871
39 13 18.173
39 77 29.748
39 2 44.811
39 69 22.344
39 78 52.163
39 15 16.238
39 4 32.728
40 38 43.466
40 18 37.416
40 67 30.868
40 0 69.551
40 73 68.476
40 61 57.747
40 14 66.154
40 56 52.162
40 68 64.168
40 25 61.905
40 77 34.392
40 53 64.305
40 21 96.728
40 4 4.736
40 85 98.019
40 87 9.241
40 88 45.767
40 42 59.23
40 17 76.791
40 52 17.423
40 29 92.653
40 40 67.1
40 93 40.459
40 57 63.653
40 89 82.28
40 16 30.534
40 20 98.048
40 1 59.926
40 96 19.599
40 12 76.1
40 15 10.066
40 28 53.152
40 84 74.51
40 10 79.813
40 59 49.838
40 51 76.459
40 41 42.426
40 94 74.767
40 13 19.495
40 64 72.627
40 48 77.287
40 31 10.293
40 66 71.308
40 39 14.86
40 46 81.996
40 27 97.676
40 55 60.715
40 9 85.938
40 47 62.352
40 50 37.897
40 3 84.619
40 83 54.744
40 82 31.058
40 75 18.016
40 22 32.237
40 69 35.384
41 55 94.107
41 37 36.305
41 6 9.161
41 51 51.412
41 49 42.902
41 39 59.044
41 87 86.207
41 86 17.416
41 46 91.749
41 83 79.359
41 43 91.669
41 61 14.784
41 1 29.942
41 35 58.092
41 9 51.936
41 47 16.948
41 88 73.842
41 0 21.827
41 69 10.138
41 48 68.888
41 50 15.886
41 93 51.407
41 79 94.083
41 40 42.426
41 90 5.92
41 62 74.326
41 84 73.941
41 13 40.438
41 68 88.467
41 27 72.731
41 58 6.142
41 42 92.496
41 25 29.856
41 59 58.61
41 22 87.516
41 56 49.949
41 34 33.802
41 26 9.492
41 17 98.355
41 75 24.683
41 52 79.197
41 53 71.345
41 31 21.039
41 45 11.612
41 5 94.952
41 96 20.214
41 11 69.852
41 10 45.425
41 32 56.073
41 15 94.761
41 24 91.395
41 57 25.48
41 74 53.372
41 54 73.758
41 67 41.168
41 63 98.338
41 66 27.562
41 23 18.583
42 58 53.922
42 33 99.824
42 46 69.566
42 18 66.882
42 80 73.439
42 63 14.871
42 38 74.163
42 10 83.553
42 0 7.831
42 41 92.496
42 21 94.953
42 84 10.736
42 11 23.103
42 60 39.552
42 59 93.742
42 62 7.829
42 15 54.725
42 88 7.728
42 7 33.993
42 30 9.687
42 14 71.137
42 26 41.813
42 81 52.687
42 85 62.877
42 79 28.239
42 56 35.245
42 89 33.994
42 92 56.648
42 48 14.364
42 73 5.461
42 22 10.903
42 23 39.767
42 13 64.848
42 66 58.264
42 91 96.801
42 20 13.181
42 4 94.578
42 75 16.647
42 12 65.722
42 74 11.171
42 6 40.213
42 90 90.922
42 17 10.507
42 49 97.543
42 29 64.618
42 76 31.814
42 42 78.937
42 32 42.339
42 36 98.787
42 94 89.295
42 47 37.829
42 67 17.983
42 98 4.578
42 52 27.913
42 8 47.843
42 27 22.495
42 54 32.658
42 37 4.307
42 28 36.03
42 24 40.145
42 9 2.798
42 35 42.283
42 43 92.987
42 51 59.757
42 95 12.989
42 31 76.033
42 55 90.313
42 87 44.653
42 40 59.23
42 68 96.02
43 0 86.017
43 71 76.095
43 83 17.58
43 96 77.95
43 18 4.089
43 60 35.532
43 37 56.312
43 55 35.286
43 31 54.335
43 53 95.247
43 14 79.831
43 66 98.292
43 92 90.595
43 59 98.393
43 23 7.293
43 25 23.37
43 47 86.061
43 33 87.467
43 82 91.409
43 43 99.565
43 94 87.701
43 21 67.123
43 57 27.513
43 7 37.796
43 54 31.552
43 42 92.987
43 16 18.613
43 90 76.369
43 78 54.018
43 56 62.059
43 91 96.246
43 41 91.669
43 89 62.138
43 84 3.694
43 93 19.297
43 72 63.953
43 44 68.006
43 97 41.13
43 51 45.861
43 65 29.507
43 49 48.727
43 5 28.088
43 4 97.443
43 3 98.934
43 29 82.494
43 39 1.225
43 8 65.042
43 50 24.71
43 75 31.566
43 45 15.961
43 76 24.544
43 68 90.503
43 64 70.138
43 13 18.476
43 24 98.978
43 88 23.136
43 9 81.264
43 34 69.201
43 52 81.916
44 51 51.586
44 30 78.038
44 19 26.448
44 29 63.18
44 85 66.027
44 16 87.361
44 48 1.773
44 37 89.438
44 62 17.078
44 57 79.695
44 56 65.036
44 58 71.273
44 17 91.946
44 75 83.958
44 43 68.006
44 69 10.931
44 4 37.862
44 70 15.981
44 79 94.099
44 10 2.628
44 18 5.25
44 6 43.392
44 9 28.681
44 0 44.318
44 95 58.369
44 28 97.622
44 68 54.593
44 78 78.343
44 46 35.287
44 31 35.256
44 86 92.845
44 50 43.069
44 94 88.153
44 13 53.937
44 22 63.671
44 20 27.688
44 67 25.44
44 91 52.294
44 27 85.538
44 90 23.179
44 92 55.272
44 80 61.93
44 96 50.012
44 52 75.287
44 54 36.578
44 8 30.638
44 44 43.521
44 12 29.395
44 49 48.655
44 73 70.867
44 7 40.619
44 53 78.261
44 26 56.701
44 81 37.622
44 34 41.167
44 3 1.711
44 24 16.359
44 99 11.276
44 1 69.582
44 2 44.049
44 45 19.141
44 61 15.626
44 89 22.127
44 21 24.02
44 71 41.991
45 89 29.062
45 75 4.299
45 71 58.575
45 11 40.552
45 54 91.346
45 49 75.504
45 22 26.67
45 99 20.385
45 44 19.141
45 34 55.482
45 12 62.027
45 93 77.145
45 43 15.961
45 68 95.298
45 95 96.778
45 74 28.9
45 23 36.761
45 76 15.663
45 19 73.917
45 69 69.673
45 98 41.101
45 31 36.494
45 17 64.281
45 60 60.939
45 78 82.284
45 86 8.919
45 65 92.129
45 1 28.739
45 83 96.282
45 28 46.116
45 14 96.956
45 9 24.85
45 62 39.356
45 3 93.592
45 84 91.037
45 97 22.685
45 4 82.407
45 73 8.551
45 21 92.608
45 67 97.499
45 56 5.329
45 38 53.099
45 77 79.751
45 26 37.748
45 41 11.612
45 63 45.379
45 64 10.191
45 32 95.681
45 20 72.874
45 61 3.497
45 87 32.36
45 53 12.661
45 46 32.876
45 7 5.512
45 27 93.076
45 35 56.032
45 15 76.713
45 37 37.182
45 92 75.578
45 72 86.303
45 96 51.358
45 52 93.929
45 16 1.893
45 51 79.56
45 0 48.607
45 94 42.975
45 85 31.277
45 36 99.235
45 80 15.556
45 8 39.202
45 70 3.142
45 81 81.056
46 51 82.825
46 87 16.412
46 82 57.524
46 22 54.982
46 13 46.942
46 65 90.072
46 49 63.496
46 83 24.898
46 7 51.698
46 94 43.685
46 26 2.102
46 58 10.87
46 67 88.558
46 85 58.224
46 5 5.187
46 0 15.632
46 76 77.807
46 70 1.011
46 72 96.179
46 17 64.473
46 64 88.042
46 81 52.867
46 75 3.605
46 97 37.052
46 36 58.639
46 27 5.451
46 40 81.996
46 90 10.222
46 54 97.186
46 50 85.148
46 74 99.58
46 44 35.287
46 20 58.475
46 42 69.566
46 41 91.749
46 93 40.108
46 80 35.892
46 21 23.137
46 46 71.904
46 96 50.284
46 14 2.599
46 39 52.833
46 1 66.396
46 10 36.144
46 8 12.627
46 71 24.062
46 29 76.709
46 62 10.33
46 59 75.175
46 9 81.934
46 19 74.6
46 78 72.452
46 45 32.876
47 64 22.905
47 80 80.24
47 5 31.201
47 12 27.099
47 99 10.315
47 52 52.54
47 28 41.571
47 43 86.061
47 94 86.295
47 72 30.952
47 76 11.13
47 55 44.312
47 0 94.832
47 6 90.282
47 59 32.957
47 75 7.473
47 60 4.724
47 39 32.533
47 7 15.09
47 67 1.941
47 71 39.272
47 54 68.646
47 10 27.625
47 31 42.754
47 73 26.868
47 95 68.618
47 96 88.394
47 56 5.892
47 37 18.03
47 2 43.501
47 36 59.583
47 27 70.689
47 66 96.735
47 40 62.352
47 50 93.546
47 83 99.268
47 97 92.82
47 22 11.576
47 33 61.487
47 17 27.964
47 98 49.642
47 42 37.829
47 24 40.854
47 9 64.282
47 58 52.946
47 92 75.004
47 86 86.335
47 51 6.097
47 88 38.361
47 20 76.532
47 30 35.668
47 41 16.948
47 49 89.289
47 77 73.306
47 57 28.443
48 12 85.228
48 93 92.729
48 65 54.741
48 25 31.955
48 58 32.018
48 91 79.74
48 9 67.615
48 29 85.842
48 42 14.364
48 67 9.686
48 2 34.616
48 77 19.247
48 84 5.168
48 38 44.73
48 18 74.679
48 75 7.63
48 44 1.773
48 56 39.92
48 0 50.998
48 24 89.805
48 51 15.971
48 70 89.73
48 87 79.847
48 31 66.524
48 92 77.002
48 79 86.834
48 55 69.767
48 73 96.869
48 98 11.822
48 21 66.029
48 5 24.117
48 69 88.794
48 49 24.797
48 28 20.226
48 14 53.398
48 71 98.113
48 72 71.098
48 62 50.726
48 35 68.725
48 40 77.287
48 64 57.465
48 66 97.239
48 13 60.769
48 76 94.319
48 41 68.888
48 34 34.233
48 4 63.153
48 89 35.984
48 16 39.983
49 43 48.727
49 93 61.708
49 21 64.252
49 75 9.023
49 5 19.797
49 16 28.94
49 86 83.906
49 42 97.543
49 44 48.655
49 13 8.612
49 24 33.585
49 52 49.88
49 64 34.011
49 89 41.471
49 10 34.488
49 45 75.504
49 74 98.302
49 34 60.83
49 71 26.721
49 68 83.555
49 6 43.324
49 47 89.289
49 4 37.55
49 30 85.292
49 62 80.242
49 0 95.182
49 7 63.616
49 95 89.051
49 48 24.797
49 17 59.234
49 50 54.995
49 39 97.935
49 73 8.201
49 85 87.205
49 79 32.946
49 33 49.531
49 11 54.481
49 41 42.902
49 19 79.963
49 61 88.352
49 78 66.295
49 55 56.808
49 8 47.071
49 18 54.84
49 46 63.496
49 23 28.056
49 38 11.794
49 94 23.395
49 83 69.335
49 76 28.351
49 25 55.949
50 16 6.212
50 88 72.813
50 4 92.799
50 84 67.683
50 82 2.791
50 73 47.347
50 94 10.13
50 49 54.995
50 0 36.182
50 10 87.628
50 15 19.758
50 40 37.897
50 11 48.998
50 33 3.172
50 7 90.204
50 50 88.109
50 9 40.787
50 92 28.62
50 64 73.396
50 59 39.98
50 96 80.476
50 47 93.546
50 34 67.573
50 43 24.71
50 68 98.815
50 6 44.594
50 29 47.76
50 52 59.626
50 18 86.727
50 98 83.164
50 66 41.72
50 41 15.886
50 54 27.635
50 80 94.104
50 39 24.172
50 60 9.344
50 36 81.162
50 79 32.089
50 14 90.963
50 17 26.472
50 53 5.174
50 44 43.069
50 46 85.148
50 76 48.794
50 72 67.648
50 12 15.538
50 26 27.282
50 63 4.645
50 56 59.813
50 28 28.732
50 87 2.136
50 90 8.125
50 32 43.675
50 70 98.41
50 69 47.701
50 58 4.102
50 86 7.666
50 23 99.018
50 65 10.508
51 11 16.55
51 96 96.228
51 65 54.071
51 97 76.346
51 84 98.116
51 46 82.825
51 78 77.62
51 95 17.468
51 20 7.238
51 93 87.688
51 47 6.097
51 58 81.637
51 25 47.062
51 7 60.577
51 27 86.124
51 76 46.648
51 80 31.19
51 5 43.343
51 18 89.647
51 9 99.655
51 4 81.062
51 45 79.56
51 66 77.001
51 55 53.117
51 35 28.603
51 29 34.046
51 42 59.757
51 75 53.063
51 61 4.495
51 10 22.838
51 16 77.134
51 23 39.254
51 94 45.862
51 43 45.861
51 13 2.199
51 19 83.869
51 30 96.65
51 40 76.459
51 71 38.053
51 77 92.52
51 0 80.417
51 88 88.132
51 72 50.814
51 48 15.971
51 17 89.921
51 31 52.166
51 89 8.26
51 56 32.89
51 98 46.107
51 68 75.687
51 67 69.51
51 33 34.057
51 28 11.584
51 6 93.65
51 87 54.733
51 91 25.877
51 44 51.586
51 90 98.435
51 52 19.905
51 69 91.252
51 82 9.504
51 41 51.412
52 65 24.824
52 41 79.197
52 27 21.395
52 82 79.152
52 95 83.683
52 5 88.277
52 0 69.965
52 45 93.929
52 70 45.332
52 14 79.039
52 99 27.093
52 78 86.685
52 40 17.423
52 51 19.905
52 77 47.645
52 25 19.441
52 86 5.868
52 58 73.11
52 6 98.338
52 94 63.925
52 9 94.21
52 55 26.096
52 26 74.768
52 76 61.864
52 84 37.653
52 44 75.287
52 69 2.497
52 59 35.774
