30
0 19 92.337
0 12 27.582
0 27 15.029
0 8 63.262
0 14 59.385
0 4 45.32
0 29 66.289
0 10 69.447
0 5 74.471
0 28 23.7
0 9 54.346
0 11 55.145
0 7 63.293
0 22 28.23
0 13 95.988
0 3 89.131
0 18 2.851
0 2 31.572
0 17 93.543
0 20 5.821
0 26 13.161
0 23 24.318
0 24 40.932
0 15 24.799
0 16 74.33
0 6 93.208
0 0 46.847
0 21 55.291
0 25 2.722
0 1 96.32
1 2 62.779
1 5 13.869
1 3 48.258
1 26 25.844
1 11 48.335
1 7 46.905
1 20 12.196
1 8 82.709
1 4 67.204
1 29 3.128
1 27 94.816
1 16 77.989
1 25 22.44
1 22 21.445
1 9 10.726
1 17 4.202
1 0 96.32
1 14 62.412
1 6 20.2
1 28 77.973
1 21 76.696
1 10 99.658
1 12 54.001
2 23 74.006
2 28 80.367
2 9 67.061
2 13 26.303
2 4 27.319
2 17 95.938
2 25 27.042
2 5 30.733
2 19 29.748
2 15 11.306
2 24 85.974
2 26 21.233
2 10 13.136
2 21 11.418
2 1 62.779
2 12 22.165
2 7 84.298
2 27 84.492
2 18 25.572
2 0 31.572
2 11 25.892
3 3 44.363
3 13 67.791
3 0 89.131
3 1 48.258
3 27 18.161
3 10 51.317
3 20 75.985
3 18 90.768
3 23 3.076
3 21 4.953
3 15 61.383
3 4 67.786
3 16 56.909
3 5 87.576
3 8 48.736
3 7 23.922
3 19 94.999
4 13 97.479
4 15 22.321
4 21 47.435
4 1 67.204
4 3 67.786
4 12 27.853
4 27 88.85
4 6 28.804
4 25 51.992
4 0 45.32
4 26 92.984
4 9 22.058
4 19 4.643
4 10 6.518
4 8 30.594
4 17 3.828
4 7 49.161
4 22 75.867
4 23 13.547
4 2 27.319
5 3 87.576
5 27 57.908
5 13 50.237
5 28 1.057
5 16 17.956
5 23 54.564
5 2 30.733
5 17 11.717
5 21 48.891
5 6 22.262
5 26 83.78
5 1 13.869
5 29 52.5
5 12 38.397
5 25 96.821
5 18 61.58
5 0 74.471
5 20 72.115
5 5 34.408
5 15 21.584
5 9 42.831
5 10 55.325
5 11 44.688
6 15 20.17
6 20 34.034
6 11 2.64
6 29 63.827
6 1 20.2
6 25 43.919
6 8 10.317
6 10 53.859
6 6 77.367
6 28 13.509
6 5 22.262
6 12 87.832
6 23 77.111
6 16 77.036
6 4 28.804
6 19 39.519
6 7 36.82
6 17 22.627
6 26 79.778
6 27 97.329
6 18 3.498
6 14 62.632
6 22 49.383
6 21 62.403
6 9 81.936
6 0 93.208
7 1 46.905
7 2 84.298
7 18 26.608
7 6 36.82
7 8 67.338
7 14 80.107
7 25 81.128
7 12 64.9
7 17 73.452
7 27 71.058
7 22 41.391
7 28 46.263
7 9 90.745
7 23 68.768
7 3 23.922
7 16 99.166
7 4 49.161
7 0 63.293
7 10 23.366
7 26 79.786
7 19 56.99
7 20 51.602
7 24 54.362
7 15 16.359
8 9 84.227
8 20 20.043
8 28 67.651
8 27 48.092
8 12 93.245
8 3 48.736
8 6 10.317
8 1 82.709
8 24 14.735
8 11 96.233
8 21 38.42
8 29 17.987
8 7 67.338
8 17 62.272
8 26 9.613
8 15 60.317
8 23 67.968
8 19 57.908
8 25 91.182
8 14 64.194
8 0 63.262
8 13 14.991
8 22 36.941
8 4 30.594
9 20 20.503
9 23 41.82
9 19 66.201
9 2 67.061
9 4 22.058
9 13 63.855
9 0 54.346
9 7 90.745
9 12 63.669
9 1 10.726
9 5 42.831
9 22 24.255
9 18 2.624
9 27 19.961
9 6 81.936
9 25 87.232
9 15 63.822
9 8 84.227
9 17 66.088
9 14 32.132
9 26 76.895
9 24 63.559
10 25 36.47
10 14 4.825
10 21 68.159
10 26 11.637
10 0 69.447
10 1 99.658
10 27 20.219
10 11 31.042
10 10 18.02
10 2 13.136
10 23 21.786
10 3 51.317
10 7 23.366
10 13 64.749
10 20 22.844
10 12 11.59
10 19 42.109
10 17 18.753
10 15 45.83
10 28 17.565
10 24 82.609
10 4 6.518
10 22 49.772
10 16 34.875
10 6 53.859
10 5 55.325
11 10 31.042
11 13 12.95
11 21 32.441
11 19 48.552
11 26 32.024
11 20 34.662
11 8 96.233
11 5 44.688
11 1 48.335
11 22 49.444
11 6 2.64
11 2 25.892
11 29 3.526
11 0 55.145
11 28 12.084
11 12 35.721
12 21 57.194
12 0 27.582
12 10 11.59
12 27 52.653
12 11 35.721
12 4 27.853
12 16 54.226
12 2 22.165
12 6 87.832
12 19 22.723
12 7 64.9
12 18 34.032
12 17 23.686
12 20 80.099
12 22 52.549
12 1 54.001
12 29 30.649
12 28 24.735
12 13 76.636
12 24 7.204
12 5 38.397
12 23 75.195
12 14 82.221
12 8 93.245
12 9 63.669
13 19 48.928
13 27 88.985
13 13 4.596
13 5 50.237
13 15 8.421
13 2 26.303
13 18 23.22
13 8 14.991
13 21 41.764
13 0 95.988
13 25 22.425
13 16 70.873
13 17 19.692
13 12 76.636
13 20 32.218
13 11 12.95
13 4 97.479
13 3 67.791
13 14 69.796
13 22 47.844
13 9 63.855
13 10 64.749
14 15 27.094
14 26 28.865
14 12 82.221
14 21 42.17
14 18 63.771
14 25 8.57
14 28 30.351
14 16 72.914
14 13 69.796
14 6 62.632
14 22 21.539
14 9 32.132
14 17 19.237
14 10 4.825
14 24 81.364
14 8 64.194
14 7 80.107
14 1 62.412
14 0 59.385
14 20 54.333
14 27 18.584
14 29 98.815
15 18 59.596
15 7 16.359
15 4 22.321
15 13 8.421
15 0 24.799
15 14 27.094
15 23 35.264
15 19 76.588
15 8 60.317
15 20 13.573
15 16 4.369
15 5 21.584
15 3 61.383
15 22 97.779
15 26 84.329
15 25 17.967
15 10 45.83
15 2 11.306
15 6 20.17
15 27 74.838
15 9 63.822
15 15 68.424
16 3 56.909
16 27 26.436
16 23 31.598
16 28 80.051
16 1 77.989
16 13 70.873
16 24 99.186
16 18 41.3
16 10 34.875
16 7 99.166
16 26 65.386
16 22 86.361
16 19 14.631
16 6 77.036
16 17 76.689
16 15 4.369
16 14 72.914
16 5 17.956
16 0 74.33
16 21 11.275
16 20 81.695
16 29 41.14
16 25 83.321
16 12 54.226
17 2 95.938
17 22 31.126
17 20 78.58
17 16 76.689
17 7 73.452
17 9 66.088
17 10 18.753
17 6 22.627
17 25 73.976
17 24 39.894
17 5 11.717
17 14 19.237
17 1 4.202
17 29 11.895
17 21 63.604
17 18 6.058
17 13 19.692
17 28 90.71
17 8 62.272
17 23 79.859
17 4 3.828
17 17 26.602
17 26 48.534
17 12 23.686
17 0 93.543
17 19 30.148
18 14 63.771
18 18 85.44
18 3 90.768
18 5 61.58
18 17 6.058
18 24 38.728
18 6 3.498
18 20 40.783
18 23 39.278
18 12 34.032
18 26 87.802
18 25 38.133
18 27 19.344
18 15 59.596
18 13 23.22
18 19 60.14
18 7 26.608
18 9 2.624
18 16 41.3
18 21 3.811
18 2 25.572
18 29 14.603
18 0 2.851
19 2 29.748
19 24 8.716
19 6 39.519
19 10 42.109
19 7 56.99
19 3 94.999
19 27 11.75
19 16 14.631
19 26 6.842
19 28 12.478
19 11 48.552
19 23 63.089
19 9 66.201
19 22 76.582
19 4 4.643
19 29 22.741
19 18 60.14
19 21 81.609
19 19 65.923
19 20 49.154
19 13 48.928
19 12 22.723
19 25 87.569
19 8 57.908
19 0 92.337
19 15 76.588
19 17 30.148
20 15 13.573
20 7 51.602
20 21 42.112
20 13 32.218
20 11 34.662
20 8 20.043
20 27 36.704
20 20 40.08
20 10 22.844
20 23 25.454
20 22 52.995
20 29 92.449
20 9 20.503
20 3 75.985
20 0 5.821
20 12 80.099
20 5 72.115
20 16 81.695
20 1 12.196
20 19 49.154
20 25 6.887
20 28 21.308
20 6 34.034
20 18 40.783
20 17 78.58
20 14 54.333
21 10 68.159
21 29 94.842
21 27 15.693
21 19 81.609
21 13 41.764
21 14 42.17
21 1 76.696
21 24 60.023
21 22 86.391
21 17 63.604
21 6 62.403
21 23 91.138
21 0 55.291
21 16 11.275
21 5 48.891
21 4 47.435
21 26 75.951
21 28 32.177
21 8 38.42
21 25 21.329
21 18 3.811
21 12 57.194
21 2 11.418
21 11 32.441
21 20 42.112
21 3 4.953
22 1 21.445
22 11 49.444
22 22 68.381
22 25 98.368
22 28 12.053
22 4 75.867
22 0 28.23
22 8 36.941
22 10 49.772
22 21 86.391
22 20 52.995
22 15 97.779
22 19 76.582
22 9 24.255
22 7 41.391
22 12 52.549
22 17 31.126
22 23 76.622
22 27 66.157
22 13 47.844
22 29 95.74
22 16 86.361
22 14 21.539
22 6 49.383
23 19 63.089
23 20 25.454
23 9 41.82
23 2 74.006
23 10 21.786
23 12 75.195
23 5 54.564
23 8 67.968
23 3 3.076
23 15 35.264
23 22 76.622
23 0 24.318
23 7 68.768
23 4 13.547
23 6 77.111
23 25 76.404
23 18 39.278
23 28 98.566
23 24 86.38
23 26 89.79
23 17 79.859
23 16 31.598
23 21 91.138
23 27 74.873
23 29 76.622
24 19 8.716
24 26 56.369
24 14 81.364
24 25 74.157
24 8 14.735
24 24 18.036
24 28 49.369
24 17 39.894
24 2 85.974
24 16 99.186
24 21 60.023
24 12 7.204
24 23 86.38
24 10 82.609
24 18 38.728
24 9 63.559
24 7 54.362
24 0 40.932
25 13 22.425
25 22 98.368
25 21 21.329
25 4 51.992
25 16 83.321
25 17 73.976
25 6 43.919
25 26 32.794
25 0 2.722
25 9 87.232
25 18 38.133
25 7 81.128
25 19 87.569
25 8 91.182
25 2 27.042
25 28 53.745
25 27 39.202
25 5 96.821
25 23 76.404
25 15 17.967
25 1 22.44
25 10 36.47
25 29 1.526
25 20 6.887
25 14 8.57
25 24 74.157
26 4 92.984
26 10 11.637
26 26 28.05
26 8 9.613
26 28 34.432
26 25 32.794
26 21 75.951
26 1 25.844
26 16 65.386
26 24 56.369
26 9 76.895
26 14 28.865
26 19 6.842
26 15 84.329
26 5 83.78
26 29 99.767
26 18 87.802
26 7 79.786
26 2 21.233
26 0 13.161
26 11 32.024
26 17 48.534
26 6 79.778
26 23 89.79
27 23 74.873
27 13 88.985
27 6 97.329
27 2 84.492
27 15 74.838
27 5 57.908
27 18 19.344
27 19 11.75
27 0 15.029
27 14 18.584
27 25 39.202
27 1 94.816
27 12 52.653
27 29 73.951
27 7 71.058
27 16 26.436
27 20 36.704
27 8 48.092
27 21 15.693
27 22 66.157
27 3 18.161
27 10 20.219
27 4 88.85
27 9 19.961
28 2 80.367
28 10 17.565
28 14 30.351
28 1 77.973
28 23 98.566
28 29 66.211
28 5 1.057
28 8 67.651
28 7 46.263
28 28 81.587
28 20 21.308
28 12 24.735
28 17 90.71
28 25 53.745
28 16 80.051
28 11 12.084
28 0 23.7
28 21 32.177
28 24 49.369
28 22 12.053
28 26 34.432
28 19 12.478
28 6 13.509
29 1 3.128
29 23 76.622
29 27 73.951
29 16 41.14
29 18 14.603
29 26 99.767
29 11 3.526
29 6 63.827
29 17 11.895
29 21 94.842
29 28 66.211
29 5 52.5
29 20 92.449
29 25 1.526
29 19 22.741
29 12 30.649
29 8 17.987
29 14 98.815
29 22 95.74
29 0 66.289
